"AD","ED","County","EDAD Status","Event","Party/Independent Body","Office/Position Title","District Key","VoteFor","Unit Name","Tally","84","001","Bronx","IN-PLAY","Primary Election 2020 - 06/23/2020","Democratic","Female District Leader","84",1,"Public Counter",103
"AD","ED","County","EDAD Status","Event","Party/Independent Body","Office/Position Title","District Key","VoteFor","Unit Name","Tally","84","001","Bronx","IN-PLAY","Primary Election 2020 - 06/23/2020","Democratic","Female District Leader","84",1,"Manually Counted Emergency",0
"AD","ED","County","EDAD Status","Event","Party/Independent Body","Office/Position Title","District Key","VoteFor","Unit Name","Tally","84","001","Bronx","IN-PLAY","Primary Election 2020 - 06/23/2020","Democratic","Female District Leader","84",1,"Absentee / Military",44
"AD","ED","County","EDAD Status","Event","Party/Independent Body","Office/Position Title","District Key","VoteFor","Unit Name","Tally","84","001","Bronx","IN-PLAY","Primary Election 2020 - 06/23/2020","Democratic","Female District Leader","84",1,"Federal",0
"AD","ED","County","EDAD Status","Event","Party/Independent Body","Office/Position Title","District Key","VoteFor","Unit Name","Tally","84","001","Bronx","IN-PLAY","Primary Election 2020 - 06/23/2020","Democratic","Female District Leader","84",1,"Affidavit",2
"AD","ED","County","EDAD Status","Event","Party/Independent Body","Office/Position Title","District Key","VoteFor","Unit Name","Tally","84","001","Bronx","IN-PLAY","Primary Election 2020 - 06/23/2020","Democratic","Female District Leader","84",1,"Yolanda Garcia",91
"AD","ED","County","EDAD Status","Event","Party/Independent Body","Office/Position Title","District Key","VoteFor","Unit Name","Tally","84","001","Bronx","IN-PLAY","Primary Election 2020 - 06/23/2020","Democratic","Female District Leader","84",1,"Adela Maria Lopez",33
"AD","ED","County","EDAD Status","Event","Party/Independent Body","Office/Position Title","District Key","VoteFor","Unit Name","Tally","84","002","Bronx","IN-PLAY","Primary Election 2020 - 06/23/2020","Democratic","Female District Leader","84",1,"Public Counter",74
"AD","ED","County","EDAD Status","Event","Party/Independent Body","Office/Position Title","District Key","VoteFor","Unit Name","Tally","84","002","Bronx","IN-PLAY","Primary Election 2020 - 06/23/2020","Democratic","Female District Leader","84",1,"Manually Counted Emergency",0
"AD","ED","County","EDAD Status","Event","Party/Independent Body","Office/Position Title","District Key","VoteFor","Unit Name","Tally","84","002","Bronx","IN-PLAY","Primary Election 2020 - 06/23/2020","Democratic","Female District Leader","84",1,"Absentee / Military",46
"AD","ED","County","EDAD Status","Event","Party/Independent Body","Office/Position Title","District Key","VoteFor","Unit Name","Tally","84","002","Bronx","IN-PLAY","Primary Election 2020 - 06/23/2020","Democratic","Female District Leader","84",1,"Federal",0
"AD","ED","County","EDAD Status","Event","Party/Independent Body","Office/Position Title","District Key","VoteFor","Unit Name","Tally","84","002","Bronx","IN-PLAY","Primary Election 2020 - 06/23/2020","Democratic","Female District Leader","84",1,"Affidavit",19
"AD","ED","County","EDAD Status","Event","Party/Independent Body","Office/Position Title","District Key","VoteFor","Unit Name","Tally","84","002","Bronx","IN-PLAY","Primary Election 2020 - 06/23/2020","Democratic","Female District Leader","84",1,"Yolanda Garcia",87
"AD","ED","County","EDAD Status","Event","Party/Independent Body","Office/Position Title","District Key","VoteFor","Unit Name","Tally","84","002","Bronx","IN-PLAY","Primary Election 2020 - 06/23/2020","Democratic","Female District Leader","84",1,"Adela Maria Lopez",32
"AD","ED","County","EDAD Status","Event","Party/Independent Body","Office/Position Title","District Key","VoteFor","Unit Name","Tally","84","002","Bronx","IN-PLAY","Primary Election 2020 - 06/23/2020","Democratic","Female District Leader","84",1,"Scattered",1
"AD","ED","County","EDAD Status","Event","Party/Independent Body","Office/Position Title","District Key","VoteFor","Unit Name","Tally","84","003","Bronx","IN-PLAY","Primary Election 2020 - 06/23/2020","Democratic","Female District Leader","84",1,"Public Counter",124
"AD","ED","County","EDAD Status","Event","Party/Independent Body","Office/Position Title","District Key","VoteFor","Unit Name","Tally","84","003","Bronx","IN-PLAY","Primary Election 2020 - 06/23/2020","Democratic","Female District Leader","84",1,"Manually Counted Emergency",0
"AD","ED","County","EDAD Status","Event","Party/Independent Body","Office/Position Title","District Key","VoteFor","Unit Name","Tally","84","003","Bronx","IN-PLAY","Primary Election 2020 - 06/23/2020","Democratic","Female District Leader","84",1,"Absentee / Military",39
"AD","ED","County","EDAD Status","Event","Party/Independent Body","Office/Position Title","District Key","VoteFor","Unit Name","Tally","84","003","Bronx","IN-PLAY","Primary Election 2020 - 06/23/2020","Democratic","Female District Leader","84",1,"Federal",0
"AD","ED","County","EDAD Status","Event","Party/Independent Body","Office/Position Title","District Key","VoteFor","Unit Name","Tally","84","003","Bronx","IN-PLAY","Primary Election 2020 - 06/23/2020","Democratic","Female District Leader","84",1,"Affidavit",0
"AD","ED","County","EDAD Status","Event","Party/Independent Body","Office/Position Title","District Key","VoteFor","Unit Name","Tally","84","003","Bronx","IN-PLAY","Primary Election 2020 - 06/23/2020","Democratic","Female District Leader","84",1,"Yolanda Garcia",108
"AD","ED","County","EDAD Status","Event","Party/Independent Body","Office/Position Title","District Key","VoteFor","Unit Name","Tally","84","003","Bronx","IN-PLAY","Primary Election 2020 - 06/23/2020","Democratic","Female District Leader","84",1,"Adela Maria Lopez",38
"AD","ED","County","EDAD Status","Event","Party/Independent Body","Office/Position Title","District Key","VoteFor","Unit Name","Tally","84","004","Bronx","IN-PLAY","Primary Election 2020 - 06/23/2020","Democratic","Female District Leader","84",1,"Public Counter",137
"AD","ED","County","EDAD Status","Event","Party/Independent Body","Office/Position Title","District Key","VoteFor","Unit Name","Tally","84","004","Bronx","IN-PLAY","Primary Election 2020 - 06/23/2020","Democratic","Female District Leader","84",1,"Manually Counted Emergency",0
"AD","ED","County","EDAD Status","Event","Party/Independent Body","Office/Position Title","District Key","VoteFor","Unit Name","Tally","84","004","Bronx","IN-PLAY","Primary Election 2020 - 06/23/2020","Democratic","Female District Leader","84",1,"Absentee / Military",34
"AD","ED","County","EDAD Status","Event","Party/Independent Body","Office/Position Title","District Key","VoteFor","Unit Name","Tally","84","004","Bronx","IN-PLAY","Primary Election 2020 - 06/23/2020","Democratic","Female District Leader","84",1,"Federal",0
"AD","ED","County","EDAD Status","Event","Party/Independent Body","Office/Position Title","District Key","VoteFor","Unit Name","Tally","84","004","Bronx","IN-PLAY","Primary Election 2020 - 06/23/2020","Democratic","Female District Leader","84",1,"Affidavit",5
"AD","ED","County","EDAD Status","Event","Party/Independent Body","Office/Position Title","District Key","VoteFor","Unit Name","Tally","84","004","Bronx","IN-PLAY","Primary Election 2020 - 06/23/2020","Democratic","Female District Leader","84",1,"Yolanda Garcia",107
"AD","ED","County","EDAD Status","Event","Party/Independent Body","Office/Position Title","District Key","VoteFor","Unit Name","Tally","84","004","Bronx","IN-PLAY","Primary Election 2020 - 06/23/2020","Democratic","Female District Leader","84",1,"Adela Maria Lopez",49
"AD","ED","County","EDAD Status","Event","Party/Independent Body","Office/Position Title","District Key","VoteFor","Unit Name","Tally","84","005","Bronx","IN-PLAY","Primary Election 2020 - 06/23/2020","Democratic","Female District Leader","84",1,"Public Counter",63
"AD","ED","County","EDAD Status","Event","Party/Independent Body","Office/Position Title","District Key","VoteFor","Unit Name","Tally","84","005","Bronx","IN-PLAY","Primary Election 2020 - 06/23/2020","Democratic","Female District Leader","84",1,"Manually Counted Emergency",0
"AD","ED","County","EDAD Status","Event","Party/Independent Body","Office/Position Title","District Key","VoteFor","Unit Name","Tally","84","005","Bronx","IN-PLAY","Primary Election 2020 - 06/23/2020","Democratic","Female District Leader","84",1,"Absentee / Military",22
"AD","ED","County","EDAD Status","Event","Party/Independent Body","Office/Position Title","District Key","VoteFor","Unit Name","Tally","84","005","Bronx","IN-PLAY","Primary Election 2020 - 06/23/2020","Democratic","Female District Leader","84",1,"Federal",0
"AD","ED","County","EDAD Status","Event","Party/Independent Body","Office/Position Title","District Key","VoteFor","Unit Name","Tally","84","005","Bronx","IN-PLAY","Primary Election 2020 - 06/23/2020","Democratic","Female District Leader","84",1,"Affidavit",2
"AD","ED","County","EDAD Status","Event","Party/Independent Body","Office/Position Title","District Key","VoteFor","Unit Name","Tally","84","005","Bronx","IN-PLAY","Primary Election 2020 - 06/23/2020","Democratic","Female District Leader","84",1,"Yolanda Garcia",50
"AD","ED","County","EDAD Status","Event","Party/Independent Body","Office/Position Title","District Key","VoteFor","Unit Name","Tally","84","005","Bronx","IN-PLAY","Primary Election 2020 - 06/23/2020","Democratic","Female District Leader","84",1,"Adela Maria Lopez",25
"AD","ED","County","EDAD Status","Event","Party/Independent Body","Office/Position Title","District Key","VoteFor","Unit Name","Tally","84","006","Bronx","IN-PLAY","Primary Election 2020 - 06/23/2020","Democratic","Female District Leader","84",1,"Public Counter",118
"AD","ED","County","EDAD Status","Event","Party/Independent Body","Office/Position Title","District Key","VoteFor","Unit Name","Tally","84","006","Bronx","IN-PLAY","Primary Election 2020 - 06/23/2020","Democratic","Female District Leader","84",1,"Manually Counted Emergency",0
"AD","ED","County","EDAD Status","Event","Party/Independent Body","Office/Position Title","District Key","VoteFor","Unit Name","Tally","84","006","Bronx","IN-PLAY","Primary Election 2020 - 06/23/2020","Democratic","Female District Leader","84",1,"Absentee / Military",30
"AD","ED","County","EDAD Status","Event","Party/Independent Body","Office/Position Title","District Key","VoteFor","Unit Name","Tally","84","006","Bronx","IN-PLAY","Primary Election 2020 - 06/23/2020","Democratic","Female District Leader","84",1,"Federal",0
"AD","ED","County","EDAD Status","Event","Party/Independent Body","Office/Position Title","District Key","VoteFor","Unit Name","Tally","84","006","Bronx","IN-PLAY","Primary Election 2020 - 06/23/2020","Democratic","Female District Leader","84",1,"Affidavit",2
"AD","ED","County","EDAD Status","Event","Party/Independent Body","Office/Position Title","District Key","VoteFor","Unit Name","Tally","84","006","Bronx","IN-PLAY","Primary Election 2020 - 06/23/2020","Democratic","Female District Leader","84",1,"Yolanda Garcia",100
"AD","ED","County","EDAD Status","Event","Party/Independent Body","Office/Position Title","District Key","VoteFor","Unit Name","Tally","84","006","Bronx","IN-PLAY","Primary Election 2020 - 06/23/2020","Democratic","Female District Leader","84",1,"Adela Maria Lopez",36
"AD","ED","County","EDAD Status","Event","Party/Independent Body","Office/Position Title","District Key","VoteFor","Unit Name","Tally","84","007","Bronx","IN-PLAY","Primary Election 2020 - 06/23/2020","Democratic","Female District Leader","84",1,"Public Counter",106
"AD","ED","County","EDAD Status","Event","Party/Independent Body","Office/Position Title","District Key","VoteFor","Unit Name","Tally","84","007","Bronx","IN-PLAY","Primary Election 2020 - 06/23/2020","Democratic","Female District Leader","84",1,"Manually Counted Emergency",0
"AD","ED","County","EDAD Status","Event","Party/Independent Body","Office/Position Title","District Key","VoteFor","Unit Name","Tally","84","007","Bronx","IN-PLAY","Primary Election 2020 - 06/23/2020","Democratic","Female District Leader","84",1,"Absentee / Military",57
"AD","ED","County","EDAD Status","Event","Party/Independent Body","Office/Position Title","District Key","VoteFor","Unit Name","Tally","84","007","Bronx","IN-PLAY","Primary Election 2020 - 06/23/2020","Democratic","Female District Leader","84",1,"Federal",0
"AD","ED","County","EDAD Status","Event","Party/Independent Body","Office/Position Title","District Key","VoteFor","Unit Name","Tally","84","007","Bronx","IN-PLAY","Primary Election 2020 - 06/23/2020","Democratic","Female District Leader","84",1,"Affidavit",1
"AD","ED","County","EDAD Status","Event","Party/Independent Body","Office/Position Title","District Key","VoteFor","Unit Name","Tally","84","007","Bronx","IN-PLAY","Primary Election 2020 - 06/23/2020","Democratic","Female District Leader","84",1,"Yolanda Garcia",90
"AD","ED","County","EDAD Status","Event","Party/Independent Body","Office/Position Title","District Key","VoteFor","Unit Name","Tally","84","007","Bronx","IN-PLAY","Primary Election 2020 - 06/23/2020","Democratic","Female District Leader","84",1,"Adela Maria Lopez",58
"AD","ED","County","EDAD Status","Event","Party/Independent Body","Office/Position Title","District Key","VoteFor","Unit Name","Tally","84","008","Bronx","IN-PLAY","Primary Election 2020 - 06/23/2020","Democratic","Female District Leader","84",1,"Public Counter",109
"AD","ED","County","EDAD Status","Event","Party/Independent Body","Office/Position Title","District Key","VoteFor","Unit Name","Tally","84","008","Bronx","IN-PLAY","Primary Election 2020 - 06/23/2020","Democratic","Female District Leader","84",1,"Manually Counted Emergency",0
"AD","ED","County","EDAD Status","Event","Party/Independent Body","Office/Position Title","District Key","VoteFor","Unit Name","Tally","84","008","Bronx","IN-PLAY","Primary Election 2020 - 06/23/2020","Democratic","Female District Leader","84",1,"Absentee / Military",29
"AD","ED","County","EDAD Status","Event","Party/Independent Body","Office/Position Title","District Key","VoteFor","Unit Name","Tally","84","008","Bronx","IN-PLAY","Primary Election 2020 - 06/23/2020","Democratic","Female District Leader","84",1,"Federal",0
"AD","ED","County","EDAD Status","Event","Party/Independent Body","Office/Position Title","District Key","VoteFor","Unit Name","Tally","84","008","Bronx","IN-PLAY","Primary Election 2020 - 06/23/2020","Democratic","Female District Leader","84",1,"Affidavit",1
"AD","ED","County","EDAD Status","Event","Party/Independent Body","Office/Position Title","District Key","VoteFor","Unit Name","Tally","84","008","Bronx","IN-PLAY","Primary Election 2020 - 06/23/2020","Democratic","Female District Leader","84",1,"Yolanda Garcia",89
"AD","ED","County","EDAD Status","Event","Party/Independent Body","Office/Position Title","District Key","VoteFor","Unit Name","Tally","84","008","Bronx","IN-PLAY","Primary Election 2020 - 06/23/2020","Democratic","Female District Leader","84",1,"Adela Maria Lopez",38
"AD","ED","County","EDAD Status","Event","Party/Independent Body","Office/Position Title","District Key","VoteFor","Unit Name","Tally","84","008","Bronx","IN-PLAY","Primary Election 2020 - 06/23/2020","Democratic","Female District Leader","84",1,"Scattered",2
"AD","ED","County","EDAD Status","Event","Party/Independent Body","Office/Position Title","District Key","VoteFor","Unit Name","Tally","84","009","Bronx","IN-PLAY","Primary Election 2020 - 06/23/2020","Democratic","Female District Leader","84",1,"Public Counter",90
"AD","ED","County","EDAD Status","Event","Party/Independent Body","Office/Position Title","District Key","VoteFor","Unit Name","Tally","84","009","Bronx","IN-PLAY","Primary Election 2020 - 06/23/2020","Democratic","Female District Leader","84",1,"Manually Counted Emergency",0
"AD","ED","County","EDAD Status","Event","Party/Independent Body","Office/Position Title","District Key","VoteFor","Unit Name","Tally","84","009","Bronx","IN-PLAY","Primary Election 2020 - 06/23/2020","Democratic","Female District Leader","84",1,"Absentee / Military",41
"AD","ED","County","EDAD Status","Event","Party/Independent Body","Office/Position Title","District Key","VoteFor","Unit Name","Tally","84","009","Bronx","IN-PLAY","Primary Election 2020 - 06/23/2020","Democratic","Female District Leader","84",1,"Federal",0
"AD","ED","County","EDAD Status","Event","Party/Independent Body","Office/Position Title","District Key","VoteFor","Unit Name","Tally","84","009","Bronx","IN-PLAY","Primary Election 2020 - 06/23/2020","Democratic","Female District Leader","84",1,"Affidavit",0
"AD","ED","County","EDAD Status","Event","Party/Independent Body","Office/Position Title","District Key","VoteFor","Unit Name","Tally","84","009","Bronx","IN-PLAY","Primary Election 2020 - 06/23/2020","Democratic","Female District Leader","84",1,"Yolanda Garcia",80
"AD","ED","County","EDAD Status","Event","Party/Independent Body","Office/Position Title","District Key","VoteFor","Unit Name","Tally","84","009","Bronx","IN-PLAY","Primary Election 2020 - 06/23/2020","Democratic","Female District Leader","84",1,"Adela Maria Lopez",29
"AD","ED","County","EDAD Status","Event","Party/Independent Body","Office/Position Title","District Key","VoteFor","Unit Name","Tally","84","010","Bronx","IN-PLAY","Primary Election 2020 - 06/23/2020","Democratic","Female District Leader","84",1,"Public Counter",152
"AD","ED","County","EDAD Status","Event","Party/Independent Body","Office/Position Title","District Key","VoteFor","Unit Name","Tally","84","010","Bronx","IN-PLAY","Primary Election 2020 - 06/23/2020","Democratic","Female District Leader","84",1,"Manually Counted Emergency",0
"AD","ED","County","EDAD Status","Event","Party/Independent Body","Office/Position Title","District Key","VoteFor","Unit Name","Tally","84","010","Bronx","IN-PLAY","Primary Election 2020 - 06/23/2020","Democratic","Female District Leader","84",1,"Absentee / Military",46
"AD","ED","County","EDAD Status","Event","Party/Independent Body","Office/Position Title","District Key","VoteFor","Unit Name","Tally","84","010","Bronx","IN-PLAY","Primary Election 2020 - 06/23/2020","Democratic","Female District Leader","84",1,"Federal",0
"AD","ED","County","EDAD Status","Event","Party/Independent Body","Office/Position Title","District Key","VoteFor","Unit Name","Tally","84","010","Bronx","IN-PLAY","Primary Election 2020 - 06/23/2020","Democratic","Female District Leader","84",1,"Affidavit",5
"AD","ED","County","EDAD Status","Event","Party/Independent Body","Office/Position Title","District Key","VoteFor","Unit Name","Tally","84","010","Bronx","IN-PLAY","Primary Election 2020 - 06/23/2020","Democratic","Female District Leader","84",1,"Yolanda Garcia",124
"AD","ED","County","EDAD Status","Event","Party/Independent Body","Office/Position Title","District Key","VoteFor","Unit Name","Tally","84","010","Bronx","IN-PLAY","Primary Election 2020 - 06/23/2020","Democratic","Female District Leader","84",1,"Adela Maria Lopez",50
"AD","ED","County","EDAD Status","Event","Party/Independent Body","Office/Position Title","District Key","VoteFor","Unit Name","Tally","84","010","Bronx","IN-PLAY","Primary Election 2020 - 06/23/2020","Democratic","Female District Leader","84",1,"Scattered",1
"AD","ED","County","EDAD Status","Event","Party/Independent Body","Office/Position Title","District Key","VoteFor","Unit Name","Tally","84","011","Bronx","IN-PLAY","Primary Election 2020 - 06/23/2020","Democratic","Female District Leader","84",1,"Public Counter",124
"AD","ED","County","EDAD Status","Event","Party/Independent Body","Office/Position Title","District Key","VoteFor","Unit Name","Tally","84","011","Bronx","IN-PLAY","Primary Election 2020 - 06/23/2020","Democratic","Female District Leader","84",1,"Manually Counted Emergency",0
"AD","ED","County","EDAD Status","Event","Party/Independent Body","Office/Position Title","District Key","VoteFor","Unit Name","Tally","84","011","Bronx","IN-PLAY","Primary Election 2020 - 06/23/2020","Democratic","Female District Leader","84",1,"Absentee / Military",71
"AD","ED","County","EDAD Status","Event","Party/Independent Body","Office/Position Title","District Key","VoteFor","Unit Name","Tally","84","011","Bronx","IN-PLAY","Primary Election 2020 - 06/23/2020","Democratic","Female District Leader","84",1,"Federal",1
"AD","ED","County","EDAD Status","Event","Party/Independent Body","Office/Position Title","District Key","VoteFor","Unit Name","Tally","84","011","Bronx","IN-PLAY","Primary Election 2020 - 06/23/2020","Democratic","Female District Leader","84",1,"Affidavit",3
"AD","ED","County","EDAD Status","Event","Party/Independent Body","Office/Position Title","District Key","VoteFor","Unit Name","Tally","84","011","Bronx","IN-PLAY","Primary Election 2020 - 06/23/2020","Democratic","Female District Leader","84",1,"Yolanda Garcia",117
"AD","ED","County","EDAD Status","Event","Party/Independent Body","Office/Position Title","District Key","VoteFor","Unit Name","Tally","84","011","Bronx","IN-PLAY","Primary Election 2020 - 06/23/2020","Democratic","Female District Leader","84",1,"Adela Maria Lopez",55
"AD","ED","County","EDAD Status","Event","Party/Independent Body","Office/Position Title","District Key","VoteFor","Unit Name","Tally","84","012","Bronx","IN-PLAY","Primary Election 2020 - 06/23/2020","Democratic","Female District Leader","84",1,"Public Counter",82
"AD","ED","County","EDAD Status","Event","Party/Independent Body","Office/Position Title","District Key","VoteFor","Unit Name","Tally","84","012","Bronx","IN-PLAY","Primary Election 2020 - 06/23/2020","Democratic","Female District Leader","84",1,"Manually Counted Emergency",0
"AD","ED","County","EDAD Status","Event","Party/Independent Body","Office/Position Title","District Key","VoteFor","Unit Name","Tally","84","012","Bronx","IN-PLAY","Primary Election 2020 - 06/23/2020","Democratic","Female District Leader","84",1,"Absentee / Military",22
"AD","ED","County","EDAD Status","Event","Party/Independent Body","Office/Position Title","District Key","VoteFor","Unit Name","Tally","84","012","Bronx","IN-PLAY","Primary Election 2020 - 06/23/2020","Democratic","Female District Leader","84",1,"Federal",0
"AD","ED","County","EDAD Status","Event","Party/Independent Body","Office/Position Title","District Key","VoteFor","Unit Name","Tally","84","012","Bronx","IN-PLAY","Primary Election 2020 - 06/23/2020","Democratic","Female District Leader","84",1,"Affidavit",0
"AD","ED","County","EDAD Status","Event","Party/Independent Body","Office/Position Title","District Key","VoteFor","Unit Name","Tally","84","012","Bronx","IN-PLAY","Primary Election 2020 - 06/23/2020","Democratic","Female District Leader","84",1,"Yolanda Garcia",58
"AD","ED","County","EDAD Status","Event","Party/Independent Body","Office/Position Title","District Key","VoteFor","Unit Name","Tally","84","012","Bronx","IN-PLAY","Primary Election 2020 - 06/23/2020","Democratic","Female District Leader","84",1,"Adela Maria Lopez",28
"AD","ED","County","EDAD Status","Event","Party/Independent Body","Office/Position Title","District Key","VoteFor","Unit Name","Tally","84","012","Bronx","IN-PLAY","Primary Election 2020 - 06/23/2020","Democratic","Female District Leader","84",1,"Scattered",3
"AD","ED","County","EDAD Status","Event","Party/Independent Body","Office/Position Title","District Key","VoteFor","Unit Name","Tally","84","013","Bronx","IN-PLAY","Primary Election 2020 - 06/23/2020","Democratic","Female District Leader","84",1,"Public Counter",87
"AD","ED","County","EDAD Status","Event","Party/Independent Body","Office/Position Title","District Key","VoteFor","Unit Name","Tally","84","013","Bronx","IN-PLAY","Primary Election 2020 - 06/23/2020","Democratic","Female District Leader","84",1,"Manually Counted Emergency",0
"AD","ED","County","EDAD Status","Event","Party/Independent Body","Office/Position Title","District Key","VoteFor","Unit Name","Tally","84","013","Bronx","IN-PLAY","Primary Election 2020 - 06/23/2020","Democratic","Female District Leader","84",1,"Absentee / Military",57
"AD","ED","County","EDAD Status","Event","Party/Independent Body","Office/Position Title","District Key","VoteFor","Unit Name","Tally","84","013","Bronx","IN-PLAY","Primary Election 2020 - 06/23/2020","Democratic","Female District Leader","84",1,"Federal",0
"AD","ED","County","EDAD Status","Event","Party/Independent Body","Office/Position Title","District Key","VoteFor","Unit Name","Tally","84","013","Bronx","IN-PLAY","Primary Election 2020 - 06/23/2020","Democratic","Female District Leader","84",1,"Affidavit",3
"AD","ED","County","EDAD Status","Event","Party/Independent Body","Office/Position Title","District Key","VoteFor","Unit Name","Tally","84","013","Bronx","IN-PLAY","Primary Election 2020 - 06/23/2020","Democratic","Female District Leader","84",1,"Yolanda Garcia",95
"AD","ED","County","EDAD Status","Event","Party/Independent Body","Office/Position Title","District Key","VoteFor","Unit Name","Tally","84","013","Bronx","IN-PLAY","Primary Election 2020 - 06/23/2020","Democratic","Female District Leader","84",1,"Adela Maria Lopez",39
"AD","ED","County","EDAD Status","Event","Party/Independent Body","Office/Position Title","District Key","VoteFor","Unit Name","Tally","84","014","Bronx","IN-PLAY","Primary Election 2020 - 06/23/2020","Democratic","Female District Leader","84",1,"Public Counter",126
"AD","ED","County","EDAD Status","Event","Party/Independent Body","Office/Position Title","District Key","VoteFor","Unit Name","Tally","84","014","Bronx","IN-PLAY","Primary Election 2020 - 06/23/2020","Democratic","Female District Leader","84",1,"Manually Counted Emergency",0
"AD","ED","County","EDAD Status","Event","Party/Independent Body","Office/Position Title","District Key","VoteFor","Unit Name","Tally","84","014","Bronx","IN-PLAY","Primary Election 2020 - 06/23/2020","Democratic","Female District Leader","84",1,"Absentee / Military",41
"AD","ED","County","EDAD Status","Event","Party/Independent Body","Office/Position Title","District Key","VoteFor","Unit Name","Tally","84","014","Bronx","IN-PLAY","Primary Election 2020 - 06/23/2020","Democratic","Female District Leader","84",1,"Federal",2
"AD","ED","County","EDAD Status","Event","Party/Independent Body","Office/Position Title","District Key","VoteFor","Unit Name","Tally","84","014","Bronx","IN-PLAY","Primary Election 2020 - 06/23/2020","Democratic","Female District Leader","84",1,"Affidavit",4
"AD","ED","County","EDAD Status","Event","Party/Independent Body","Office/Position Title","District Key","VoteFor","Unit Name","Tally","84","014","Bronx","IN-PLAY","Primary Election 2020 - 06/23/2020","Democratic","Female District Leader","84",1,"Yolanda Garcia",93
"AD","ED","County","EDAD Status","Event","Party/Independent Body","Office/Position Title","District Key","VoteFor","Unit Name","Tally","84","014","Bronx","IN-PLAY","Primary Election 2020 - 06/23/2020","Democratic","Female District Leader","84",1,"Adela Maria Lopez",36
"AD","ED","County","EDAD Status","Event","Party/Independent Body","Office/Position Title","District Key","VoteFor","Unit Name","Tally","84","014","Bronx","IN-PLAY","Primary Election 2020 - 06/23/2020","Democratic","Female District Leader","84",1,"Scattered",1
"AD","ED","County","EDAD Status","Event","Party/Independent Body","Office/Position Title","District Key","VoteFor","Unit Name","Tally","84","015","Bronx","IN-PLAY","Primary Election 2020 - 06/23/2020","Democratic","Female District Leader","84",1,"Public Counter",80
"AD","ED","County","EDAD Status","Event","Party/Independent Body","Office/Position Title","District Key","VoteFor","Unit Name","Tally","84","015","Bronx","IN-PLAY","Primary Election 2020 - 06/23/2020","Democratic","Female District Leader","84",1,"Manually Counted Emergency",0
"AD","ED","County","EDAD Status","Event","Party/Independent Body","Office/Position Title","District Key","VoteFor","Unit Name","Tally","84","015","Bronx","IN-PLAY","Primary Election 2020 - 06/23/2020","Democratic","Female District Leader","84",1,"Absentee / Military",41
"AD","ED","County","EDAD Status","Event","Party/Independent Body","Office/Position Title","District Key","VoteFor","Unit Name","Tally","84","015","Bronx","IN-PLAY","Primary Election 2020 - 06/23/2020","Democratic","Female District Leader","84",1,"Federal",0
"AD","ED","County","EDAD Status","Event","Party/Independent Body","Office/Position Title","District Key","VoteFor","Unit Name","Tally","84","015","Bronx","IN-PLAY","Primary Election 2020 - 06/23/2020","Democratic","Female District Leader","84",1,"Affidavit",2
"AD","ED","County","EDAD Status","Event","Party/Independent Body","Office/Position Title","District Key","VoteFor","Unit Name","Tally","84","015","Bronx","IN-PLAY","Primary Election 2020 - 06/23/2020","Democratic","Female District Leader","84",1,"Yolanda Garcia",75
"AD","ED","County","EDAD Status","Event","Party/Independent Body","Office/Position Title","District Key","VoteFor","Unit Name","Tally","84","015","Bronx","IN-PLAY","Primary Election 2020 - 06/23/2020","Democratic","Female District Leader","84",1,"Adela Maria Lopez",33
"AD","ED","County","EDAD Status","Event","Party/Independent Body","Office/Position Title","District Key","VoteFor","Unit Name","Tally","84","016","Bronx","IN-PLAY","Primary Election 2020 - 06/23/2020","Democratic","Female District Leader","84",1,"Public Counter",128
"AD","ED","County","EDAD Status","Event","Party/Independent Body","Office/Position Title","District Key","VoteFor","Unit Name","Tally","84","016","Bronx","IN-PLAY","Primary Election 2020 - 06/23/2020","Democratic","Female District Leader","84",1,"Manually Counted Emergency",0
"AD","ED","County","EDAD Status","Event","Party/Independent Body","Office/Position Title","District Key","VoteFor","Unit Name","Tally","84","016","Bronx","IN-PLAY","Primary Election 2020 - 06/23/2020","Democratic","Female District Leader","84",1,"Absentee / Military",43
"AD","ED","County","EDAD Status","Event","Party/Independent Body","Office/Position Title","District Key","VoteFor","Unit Name","Tally","84","016","Bronx","IN-PLAY","Primary Election 2020 - 06/23/2020","Democratic","Female District Leader","84",1,"Federal",1
"AD","ED","County","EDAD Status","Event","Party/Independent Body","Office/Position Title","District Key","VoteFor","Unit Name","Tally","84","016","Bronx","IN-PLAY","Primary Election 2020 - 06/23/2020","Democratic","Female District Leader","84",1,"Affidavit",1
"AD","ED","County","EDAD Status","Event","Party/Independent Body","Office/Position Title","District Key","VoteFor","Unit Name","Tally","84","016","Bronx","IN-PLAY","Primary Election 2020 - 06/23/2020","Democratic","Female District Leader","84",1,"Yolanda Garcia",81
"AD","ED","County","EDAD Status","Event","Party/Independent Body","Office/Position Title","District Key","VoteFor","Unit Name","Tally","84","016","Bronx","IN-PLAY","Primary Election 2020 - 06/23/2020","Democratic","Female District Leader","84",1,"Adela Maria Lopez",57
"AD","ED","County","EDAD Status","Event","Party/Independent Body","Office/Position Title","District Key","VoteFor","Unit Name","Tally","84","016","Bronx","IN-PLAY","Primary Election 2020 - 06/23/2020","Democratic","Female District Leader","84",1,"Scattered",2
"AD","ED","County","EDAD Status","Event","Party/Independent Body","Office/Position Title","District Key","VoteFor","Unit Name","Tally","84","017","Bronx","IN-PLAY","Primary Election 2020 - 06/23/2020","Democratic","Female District Leader","84",1,"Public Counter",43
"AD","ED","County","EDAD Status","Event","Party/Independent Body","Office/Position Title","District Key","VoteFor","Unit Name","Tally","84","017","Bronx","IN-PLAY","Primary Election 2020 - 06/23/2020","Democratic","Female District Leader","84",1,"Manually Counted Emergency",0
"AD","ED","County","EDAD Status","Event","Party/Independent Body","Office/Position Title","District Key","VoteFor","Unit Name","Tally","84","017","Bronx","IN-PLAY","Primary Election 2020 - 06/23/2020","Democratic","Female District Leader","84",1,"Absentee / Military",14
"AD","ED","County","EDAD Status","Event","Party/Independent Body","Office/Position Title","District Key","VoteFor","Unit Name","Tally","84","017","Bronx","IN-PLAY","Primary Election 2020 - 06/23/2020","Democratic","Female District Leader","84",1,"Federal",0
"AD","ED","County","EDAD Status","Event","Party/Independent Body","Office/Position Title","District Key","VoteFor","Unit Name","Tally","84","017","Bronx","IN-PLAY","Primary Election 2020 - 06/23/2020","Democratic","Female District Leader","84",1,"Affidavit",1
"AD","ED","County","EDAD Status","Event","Party/Independent Body","Office/Position Title","District Key","VoteFor","Unit Name","Tally","84","017","Bronx","IN-PLAY","Primary Election 2020 - 06/23/2020","Democratic","Female District Leader","84",1,"Yolanda Garcia",35
"AD","ED","County","EDAD Status","Event","Party/Independent Body","Office/Position Title","District Key","VoteFor","Unit Name","Tally","84","017","Bronx","IN-PLAY","Primary Election 2020 - 06/23/2020","Democratic","Female District Leader","84",1,"Adela Maria Lopez",17
"AD","ED","County","EDAD Status","Event","Party/Independent Body","Office/Position Title","District Key","VoteFor","Unit Name","Tally","84","017","Bronx","IN-PLAY","Primary Election 2020 - 06/23/2020","Democratic","Female District Leader","84",1,"Scattered",1
"AD","ED","County","EDAD Status","Event","Party/Independent Body","Office/Position Title","District Key","VoteFor","Unit Name","Tally","84","018","Bronx","IN-PLAY","Primary Election 2020 - 06/23/2020","Democratic","Female District Leader","84",1,"Public Counter",83
"AD","ED","County","EDAD Status","Event","Party/Independent Body","Office/Position Title","District Key","VoteFor","Unit Name","Tally","84","018","Bronx","IN-PLAY","Primary Election 2020 - 06/23/2020","Democratic","Female District Leader","84",1,"Manually Counted Emergency",0
"AD","ED","County","EDAD Status","Event","Party/Independent Body","Office/Position Title","District Key","VoteFor","Unit Name","Tally","84","018","Bronx","IN-PLAY","Primary Election 2020 - 06/23/2020","Democratic","Female District Leader","84",1,"Absentee / Military",32
"AD","ED","County","EDAD Status","Event","Party/Independent Body","Office/Position Title","District Key","VoteFor","Unit Name","Tally","84","018","Bronx","IN-PLAY","Primary Election 2020 - 06/23/2020","Democratic","Female District Leader","84",1,"Federal",1
"AD","ED","County","EDAD Status","Event","Party/Independent Body","Office/Position Title","District Key","VoteFor","Unit Name","Tally","84","018","Bronx","IN-PLAY","Primary Election 2020 - 06/23/2020","Democratic","Female District Leader","84",1,"Affidavit",4
"AD","ED","County","EDAD Status","Event","Party/Independent Body","Office/Position Title","District Key","VoteFor","Unit Name","Tally","84","018","Bronx","IN-PLAY","Primary Election 2020 - 06/23/2020","Democratic","Female District Leader","84",1,"Yolanda Garcia",79
"AD","ED","County","EDAD Status","Event","Party/Independent Body","Office/Position Title","District Key","VoteFor","Unit Name","Tally","84","018","Bronx","IN-PLAY","Primary Election 2020 - 06/23/2020","Democratic","Female District Leader","84",1,"Adela Maria Lopez",32
"AD","ED","County","EDAD Status","Event","Party/Independent Body","Office/Position Title","District Key","VoteFor","Unit Name","Tally","84","019","Bronx","IN-PLAY","Primary Election 2020 - 06/23/2020","Democratic","Female District Leader","84",1,"Public Counter",168
"AD","ED","County","EDAD Status","Event","Party/Independent Body","Office/Position Title","District Key","VoteFor","Unit Name","Tally","84","019","Bronx","IN-PLAY","Primary Election 2020 - 06/23/2020","Democratic","Female District Leader","84",1,"Manually Counted Emergency",0
"AD","ED","County","EDAD Status","Event","Party/Independent Body","Office/Position Title","District Key","VoteFor","Unit Name","Tally","84","019","Bronx","IN-PLAY","Primary Election 2020 - 06/23/2020","Democratic","Female District Leader","84",1,"Absentee / Military",52
"AD","ED","County","EDAD Status","Event","Party/Independent Body","Office/Position Title","District Key","VoteFor","Unit Name","Tally","84","019","Bronx","IN-PLAY","Primary Election 2020 - 06/23/2020","Democratic","Female District Leader","84",1,"Federal",0
"AD","ED","County","EDAD Status","Event","Party/Independent Body","Office/Position Title","District Key","VoteFor","Unit Name","Tally","84","019","Bronx","IN-PLAY","Primary Election 2020 - 06/23/2020","Democratic","Female District Leader","84",1,"Affidavit",2
"AD","ED","County","EDAD Status","Event","Party/Independent Body","Office/Position Title","District Key","VoteFor","Unit Name","Tally","84","019","Bronx","IN-PLAY","Primary Election 2020 - 06/23/2020","Democratic","Female District Leader","84",1,"Yolanda Garcia",119
"AD","ED","County","EDAD Status","Event","Party/Independent Body","Office/Position Title","District Key","VoteFor","Unit Name","Tally","84","019","Bronx","IN-PLAY","Primary Election 2020 - 06/23/2020","Democratic","Female District Leader","84",1,"Adela Maria Lopez",62
"AD","ED","County","EDAD Status","Event","Party/Independent Body","Office/Position Title","District Key","VoteFor","Unit Name","Tally","84","019","Bronx","IN-PLAY","Primary Election 2020 - 06/23/2020","Democratic","Female District Leader","84",1,"Scattered",2
"AD","ED","County","EDAD Status","Event","Party/Independent Body","Office/Position Title","District Key","VoteFor","Unit Name","Tally","84","020","Bronx","IN-PLAY","Primary Election 2020 - 06/23/2020","Democratic","Female District Leader","84",1,"Public Counter",143
"AD","ED","County","EDAD Status","Event","Party/Independent Body","Office/Position Title","District Key","VoteFor","Unit Name","Tally","84","020","Bronx","IN-PLAY","Primary Election 2020 - 06/23/2020","Democratic","Female District Leader","84",1,"Manually Counted Emergency",0
"AD","ED","County","EDAD Status","Event","Party/Independent Body","Office/Position Title","District Key","VoteFor","Unit Name","Tally","84","020","Bronx","IN-PLAY","Primary Election 2020 - 06/23/2020","Democratic","Female District Leader","84",1,"Absentee / Military",47
"AD","ED","County","EDAD Status","Event","Party/Independent Body","Office/Position Title","District Key","VoteFor","Unit Name","Tally","84","020","Bronx","IN-PLAY","Primary Election 2020 - 06/23/2020","Democratic","Female District Leader","84",1,"Federal",1
"AD","ED","County","EDAD Status","Event","Party/Independent Body","Office/Position Title","District Key","VoteFor","Unit Name","Tally","84","020","Bronx","IN-PLAY","Primary Election 2020 - 06/23/2020","Democratic","Female District Leader","84",1,"Affidavit",3
"AD","ED","County","EDAD Status","Event","Party/Independent Body","Office/Position Title","District Key","VoteFor","Unit Name","Tally","84","020","Bronx","IN-PLAY","Primary Election 2020 - 06/23/2020","Democratic","Female District Leader","84",1,"Yolanda Garcia",107
"AD","ED","County","EDAD Status","Event","Party/Independent Body","Office/Position Title","District Key","VoteFor","Unit Name","Tally","84","020","Bronx","IN-PLAY","Primary Election 2020 - 06/23/2020","Democratic","Female District Leader","84",1,"Adela Maria Lopez",56
"AD","ED","County","EDAD Status","Event","Party/Independent Body","Office/Position Title","District Key","VoteFor","Unit Name","Tally","84","020","Bronx","IN-PLAY","Primary Election 2020 - 06/23/2020","Democratic","Female District Leader","84",1,"Scattered",3
"AD","ED","County","EDAD Status","Event","Party/Independent Body","Office/Position Title","District Key","VoteFor","Unit Name","Tally","84","021","Bronx","IN-PLAY","Primary Election 2020 - 06/23/2020","Democratic","Female District Leader","84",1,"Public Counter",21
"AD","ED","County","EDAD Status","Event","Party/Independent Body","Office/Position Title","District Key","VoteFor","Unit Name","Tally","84","021","Bronx","IN-PLAY","Primary Election 2020 - 06/23/2020","Democratic","Female District Leader","84",1,"Manually Counted Emergency",0
"AD","ED","County","EDAD Status","Event","Party/Independent Body","Office/Position Title","District Key","VoteFor","Unit Name","Tally","84","021","Bronx","IN-PLAY","Primary Election 2020 - 06/23/2020","Democratic","Female District Leader","84",1,"Absentee / Military",12
"AD","ED","County","EDAD Status","Event","Party/Independent Body","Office/Position Title","District Key","VoteFor","Unit Name","Tally","84","021","Bronx","IN-PLAY","Primary Election 2020 - 06/23/2020","Democratic","Female District Leader","84",1,"Federal",0
"AD","ED","County","EDAD Status","Event","Party/Independent Body","Office/Position Title","District Key","VoteFor","Unit Name","Tally","84","021","Bronx","IN-PLAY","Primary Election 2020 - 06/23/2020","Democratic","Female District Leader","84",1,"Affidavit",1
"AD","ED","County","EDAD Status","Event","Party/Independent Body","Office/Position Title","District Key","VoteFor","Unit Name","Tally","84","021","Bronx","IN-PLAY","Primary Election 2020 - 06/23/2020","Democratic","Female District Leader","84",1,"Yolanda Garcia",23
"AD","ED","County","EDAD Status","Event","Party/Independent Body","Office/Position Title","District Key","VoteFor","Unit Name","Tally","84","021","Bronx","IN-PLAY","Primary Election 2020 - 06/23/2020","Democratic","Female District Leader","84",1,"Adela Maria Lopez",6
"AD","ED","County","EDAD Status","Event","Party/Independent Body","Office/Position Title","District Key","VoteFor","Unit Name","Tally","84","022","Bronx","IN-PLAY","Primary Election 2020 - 06/23/2020","Democratic","Female District Leader","84",1,"Public Counter",24
"AD","ED","County","EDAD Status","Event","Party/Independent Body","Office/Position Title","District Key","VoteFor","Unit Name","Tally","84","022","Bronx","IN-PLAY","Primary Election 2020 - 06/23/2020","Democratic","Female District Leader","84",1,"Manually Counted Emergency",5
"AD","ED","County","EDAD Status","Event","Party/Independent Body","Office/Position Title","District Key","VoteFor","Unit Name","Tally","84","022","Bronx","IN-PLAY","Primary Election 2020 - 06/23/2020","Democratic","Female District Leader","84",1,"Absentee / Military",10
"AD","ED","County","EDAD Status","Event","Party/Independent Body","Office/Position Title","District Key","VoteFor","Unit Name","Tally","84","022","Bronx","IN-PLAY","Primary Election 2020 - 06/23/2020","Democratic","Female District Leader","84",1,"Federal",0
"AD","ED","County","EDAD Status","Event","Party/Independent Body","Office/Position Title","District Key","VoteFor","Unit Name","Tally","84","022","Bronx","IN-PLAY","Primary Election 2020 - 06/23/2020","Democratic","Female District Leader","84",1,"Affidavit",0
"AD","ED","County","EDAD Status","Event","Party/Independent Body","Office/Position Title","District Key","VoteFor","Unit Name","Tally","84","022","Bronx","IN-PLAY","Primary Election 2020 - 06/23/2020","Democratic","Female District Leader","84",1,"Yolanda Garcia",19
"AD","ED","County","EDAD Status","Event","Party/Independent Body","Office/Position Title","District Key","VoteFor","Unit Name","Tally","84","022","Bronx","IN-PLAY","Primary Election 2020 - 06/23/2020","Democratic","Female District Leader","84",1,"Adela Maria Lopez",11
"AD","ED","County","EDAD Status","Event","Party/Independent Body","Office/Position Title","District Key","VoteFor","Unit Name","Tally","84","022","Bronx","IN-PLAY","Primary Election 2020 - 06/23/2020","Democratic","Female District Leader","84",1,"Scattered",1
"AD","ED","County","EDAD Status","Event","Party/Independent Body","Office/Position Title","District Key","VoteFor","Unit Name","Tally","84","023","Bronx","IN-PLAY","Primary Election 2020 - 06/23/2020","Democratic","Female District Leader","84",1,"Public Counter",137
"AD","ED","County","EDAD Status","Event","Party/Independent Body","Office/Position Title","District Key","VoteFor","Unit Name","Tally","84","023","Bronx","IN-PLAY","Primary Election 2020 - 06/23/2020","Democratic","Female District Leader","84",1,"Manually Counted Emergency",0
"AD","ED","County","EDAD Status","Event","Party/Independent Body","Office/Position Title","District Key","VoteFor","Unit Name","Tally","84","023","Bronx","IN-PLAY","Primary Election 2020 - 06/23/2020","Democratic","Female District Leader","84",1,"Absentee / Military",22
"AD","ED","County","EDAD Status","Event","Party/Independent Body","Office/Position Title","District Key","VoteFor","Unit Name","Tally","84","023","Bronx","IN-PLAY","Primary Election 2020 - 06/23/2020","Democratic","Female District Leader","84",1,"Federal",0
"AD","ED","County","EDAD Status","Event","Party/Independent Body","Office/Position Title","District Key","VoteFor","Unit Name","Tally","84","023","Bronx","IN-PLAY","Primary Election 2020 - 06/23/2020","Democratic","Female District Leader","84",1,"Affidavit",2
"AD","ED","County","EDAD Status","Event","Party/Independent Body","Office/Position Title","District Key","VoteFor","Unit Name","Tally","84","023","Bronx","IN-PLAY","Primary Election 2020 - 06/23/2020","Democratic","Female District Leader","84",1,"Yolanda Garcia",94
"AD","ED","County","EDAD Status","Event","Party/Independent Body","Office/Position Title","District Key","VoteFor","Unit Name","Tally","84","023","Bronx","IN-PLAY","Primary Election 2020 - 06/23/2020","Democratic","Female District Leader","84",1,"Adela Maria Lopez",39
"AD","ED","County","EDAD Status","Event","Party/Independent Body","Office/Position Title","District Key","VoteFor","Unit Name","Tally","84","023","Bronx","IN-PLAY","Primary Election 2020 - 06/23/2020","Democratic","Female District Leader","84",1,"Scattered",3
"AD","ED","County","EDAD Status","Event","Party/Independent Body","Office/Position Title","District Key","VoteFor","Unit Name","Tally","84","024","Bronx","IN-PLAY","Primary Election 2020 - 06/23/2020","Democratic","Female District Leader","84",1,"Public Counter",117
"AD","ED","County","EDAD Status","Event","Party/Independent Body","Office/Position Title","District Key","VoteFor","Unit Name","Tally","84","024","Bronx","IN-PLAY","Primary Election 2020 - 06/23/2020","Democratic","Female District Leader","84",1,"Manually Counted Emergency",0
"AD","ED","County","EDAD Status","Event","Party/Independent Body","Office/Position Title","District Key","VoteFor","Unit Name","Tally","84","024","Bronx","IN-PLAY","Primary Election 2020 - 06/23/2020","Democratic","Female District Leader","84",1,"Absentee / Military",24
"AD","ED","County","EDAD Status","Event","Party/Independent Body","Office/Position Title","District Key","VoteFor","Unit Name","Tally","84","024","Bronx","IN-PLAY","Primary Election 2020 - 06/23/2020","Democratic","Female District Leader","84",1,"Federal",0
"AD","ED","County","EDAD Status","Event","Party/Independent Body","Office/Position Title","District Key","VoteFor","Unit Name","Tally","84","024","Bronx","IN-PLAY","Primary Election 2020 - 06/23/2020","Democratic","Female District Leader","84",1,"Affidavit",0
"AD","ED","County","EDAD Status","Event","Party/Independent Body","Office/Position Title","District Key","VoteFor","Unit Name","Tally","84","024","Bronx","IN-PLAY","Primary Election 2020 - 06/23/2020","Democratic","Female District Leader","84",1,"Yolanda Garcia",78
"AD","ED","County","EDAD Status","Event","Party/Independent Body","Office/Position Title","District Key","VoteFor","Unit Name","Tally","84","024","Bronx","IN-PLAY","Primary Election 2020 - 06/23/2020","Democratic","Female District Leader","84",1,"Adela Maria Lopez",37
"AD","ED","County","EDAD Status","Event","Party/Independent Body","Office/Position Title","District Key","VoteFor","Unit Name","Tally","84","025","Bronx","IN-PLAY","Primary Election 2020 - 06/23/2020","Democratic","Female District Leader","84",1,"Public Counter",123
"AD","ED","County","EDAD Status","Event","Party/Independent Body","Office/Position Title","District Key","VoteFor","Unit Name","Tally","84","025","Bronx","IN-PLAY","Primary Election 2020 - 06/23/2020","Democratic","Female District Leader","84",1,"Manually Counted Emergency",0
"AD","ED","County","EDAD Status","Event","Party/Independent Body","Office/Position Title","District Key","VoteFor","Unit Name","Tally","84","025","Bronx","IN-PLAY","Primary Election 2020 - 06/23/2020","Democratic","Female District Leader","84",1,"Absentee / Military",44
"AD","ED","County","EDAD Status","Event","Party/Independent Body","Office/Position Title","District Key","VoteFor","Unit Name","Tally","84","025","Bronx","IN-PLAY","Primary Election 2020 - 06/23/2020","Democratic","Female District Leader","84",1,"Federal",0
"AD","ED","County","EDAD Status","Event","Party/Independent Body","Office/Position Title","District Key","VoteFor","Unit Name","Tally","84","025","Bronx","IN-PLAY","Primary Election 2020 - 06/23/2020","Democratic","Female District Leader","84",1,"Affidavit",1
"AD","ED","County","EDAD Status","Event","Party/Independent Body","Office/Position Title","District Key","VoteFor","Unit Name","Tally","84","025","Bronx","IN-PLAY","Primary Election 2020 - 06/23/2020","Democratic","Female District Leader","84",1,"Yolanda Garcia",103
"AD","ED","County","EDAD Status","Event","Party/Independent Body","Office/Position Title","District Key","VoteFor","Unit Name","Tally","84","025","Bronx","IN-PLAY","Primary Election 2020 - 06/23/2020","Democratic","Female District Leader","84",1,"Adela Maria Lopez",39
"AD","ED","County","EDAD Status","Event","Party/Independent Body","Office/Position Title","District Key","VoteFor","Unit Name","Tally","84","025","Bronx","IN-PLAY","Primary Election 2020 - 06/23/2020","Democratic","Female District Leader","84",1,"Scattered",1
"AD","ED","County","EDAD Status","Event","Party/Independent Body","Office/Position Title","District Key","VoteFor","Unit Name","Tally","84","026","Bronx","IN-PLAY","Primary Election 2020 - 06/23/2020","Democratic","Female District Leader","84",1,"Public Counter",73
"AD","ED","County","EDAD Status","Event","Party/Independent Body","Office/Position Title","District Key","VoteFor","Unit Name","Tally","84","026","Bronx","IN-PLAY","Primary Election 2020 - 06/23/2020","Democratic","Female District Leader","84",1,"Manually Counted Emergency",0
"AD","ED","County","EDAD Status","Event","Party/Independent Body","Office/Position Title","District Key","VoteFor","Unit Name","Tally","84","026","Bronx","IN-PLAY","Primary Election 2020 - 06/23/2020","Democratic","Female District Leader","84",1,"Absentee / Military",23
"AD","ED","County","EDAD Status","Event","Party/Independent Body","Office/Position Title","District Key","VoteFor","Unit Name","Tally","84","026","Bronx","IN-PLAY","Primary Election 2020 - 06/23/2020","Democratic","Female District Leader","84",1,"Federal",0
"AD","ED","County","EDAD Status","Event","Party/Independent Body","Office/Position Title","District Key","VoteFor","Unit Name","Tally","84","026","Bronx","IN-PLAY","Primary Election 2020 - 06/23/2020","Democratic","Female District Leader","84",1,"Affidavit",1
"AD","ED","County","EDAD Status","Event","Party/Independent Body","Office/Position Title","District Key","VoteFor","Unit Name","Tally","84","026","Bronx","IN-PLAY","Primary Election 2020 - 06/23/2020","Democratic","Female District Leader","84",1,"Yolanda Garcia",50
"AD","ED","County","EDAD Status","Event","Party/Independent Body","Office/Position Title","District Key","VoteFor","Unit Name","Tally","84","026","Bronx","IN-PLAY","Primary Election 2020 - 06/23/2020","Democratic","Female District Leader","84",1,"Adela Maria Lopez",25
"AD","ED","County","EDAD Status","Event","Party/Independent Body","Office/Position Title","District Key","VoteFor","Unit Name","Tally","84","026","Bronx","IN-PLAY","Primary Election 2020 - 06/23/2020","Democratic","Female District Leader","84",1,"Scattered",2
"AD","ED","County","EDAD Status","Event","Party/Independent Body","Office/Position Title","District Key","VoteFor","Unit Name","Tally","84","027","Bronx","IN-PLAY","Primary Election 2020 - 06/23/2020","Democratic","Female District Leader","84",1,"Public Counter",102
"AD","ED","County","EDAD Status","Event","Party/Independent Body","Office/Position Title","District Key","VoteFor","Unit Name","Tally","84","027","Bronx","IN-PLAY","Primary Election 2020 - 06/23/2020","Democratic","Female District Leader","84",1,"Manually Counted Emergency",0
"AD","ED","County","EDAD Status","Event","Party/Independent Body","Office/Position Title","District Key","VoteFor","Unit Name","Tally","84","027","Bronx","IN-PLAY","Primary Election 2020 - 06/23/2020","Democratic","Female District Leader","84",1,"Absentee / Military",15
"AD","ED","County","EDAD Status","Event","Party/Independent Body","Office/Position Title","District Key","VoteFor","Unit Name","Tally","84","027","Bronx","IN-PLAY","Primary Election 2020 - 06/23/2020","Democratic","Female District Leader","84",1,"Federal",0
"AD","ED","County","EDAD Status","Event","Party/Independent Body","Office/Position Title","District Key","VoteFor","Unit Name","Tally","84","027","Bronx","IN-PLAY","Primary Election 2020 - 06/23/2020","Democratic","Female District Leader","84",1,"Affidavit",1
"AD","ED","County","EDAD Status","Event","Party/Independent Body","Office/Position Title","District Key","VoteFor","Unit Name","Tally","84","027","Bronx","IN-PLAY","Primary Election 2020 - 06/23/2020","Democratic","Female District Leader","84",1,"Yolanda Garcia",69
"AD","ED","County","EDAD Status","Event","Party/Independent Body","Office/Position Title","District Key","VoteFor","Unit Name","Tally","84","027","Bronx","IN-PLAY","Primary Election 2020 - 06/23/2020","Democratic","Female District Leader","84",1,"Adela Maria Lopez",34
"AD","ED","County","EDAD Status","Event","Party/Independent Body","Office/Position Title","District Key","VoteFor","Unit Name","Tally","84","028","Bronx","IN-PLAY","Primary Election 2020 - 06/23/2020","Democratic","Female District Leader","84",1,"Public Counter",119
"AD","ED","County","EDAD Status","Event","Party/Independent Body","Office/Position Title","District Key","VoteFor","Unit Name","Tally","84","028","Bronx","IN-PLAY","Primary Election 2020 - 06/23/2020","Democratic","Female District Leader","84",1,"Manually Counted Emergency",0
"AD","ED","County","EDAD Status","Event","Party/Independent Body","Office/Position Title","District Key","VoteFor","Unit Name","Tally","84","028","Bronx","IN-PLAY","Primary Election 2020 - 06/23/2020","Democratic","Female District Leader","84",1,"Absentee / Military",26
"AD","ED","County","EDAD Status","Event","Party/Independent Body","Office/Position Title","District Key","VoteFor","Unit Name","Tally","84","028","Bronx","IN-PLAY","Primary Election 2020 - 06/23/2020","Democratic","Female District Leader","84",1,"Federal",0
"AD","ED","County","EDAD Status","Event","Party/Independent Body","Office/Position Title","District Key","VoteFor","Unit Name","Tally","84","028","Bronx","IN-PLAY","Primary Election 2020 - 06/23/2020","Democratic","Female District Leader","84",1,"Affidavit",1
"AD","ED","County","EDAD Status","Event","Party/Independent Body","Office/Position Title","District Key","VoteFor","Unit Name","Tally","84","028","Bronx","IN-PLAY","Primary Election 2020 - 06/23/2020","Democratic","Female District Leader","84",1,"Yolanda Garcia",79
"AD","ED","County","EDAD Status","Event","Party/Independent Body","Office/Position Title","District Key","VoteFor","Unit Name","Tally","84","028","Bronx","IN-PLAY","Primary Election 2020 - 06/23/2020","Democratic","Female District Leader","84",1,"Adela Maria Lopez",44
"AD","ED","County","EDAD Status","Event","Party/Independent Body","Office/Position Title","District Key","VoteFor","Unit Name","Tally","84","028","Bronx","IN-PLAY","Primary Election 2020 - 06/23/2020","Democratic","Female District Leader","84",1,"Scattered",1
"AD","ED","County","EDAD Status","Event","Party/Independent Body","Office/Position Title","District Key","VoteFor","Unit Name","Tally","84","029","Bronx","IN-PLAY","Primary Election 2020 - 06/23/2020","Democratic","Female District Leader","84",1,"Public Counter",74
"AD","ED","County","EDAD Status","Event","Party/Independent Body","Office/Position Title","District Key","VoteFor","Unit Name","Tally","84","029","Bronx","IN-PLAY","Primary Election 2020 - 06/23/2020","Democratic","Female District Leader","84",1,"Manually Counted Emergency",0
"AD","ED","County","EDAD Status","Event","Party/Independent Body","Office/Position Title","District Key","VoteFor","Unit Name","Tally","84","029","Bronx","IN-PLAY","Primary Election 2020 - 06/23/2020","Democratic","Female District Leader","84",1,"Absentee / Military",22
"AD","ED","County","EDAD Status","Event","Party/Independent Body","Office/Position Title","District Key","VoteFor","Unit Name","Tally","84","029","Bronx","IN-PLAY","Primary Election 2020 - 06/23/2020","Democratic","Female District Leader","84",1,"Federal",0
"AD","ED","County","EDAD Status","Event","Party/Independent Body","Office/Position Title","District Key","VoteFor","Unit Name","Tally","84","029","Bronx","IN-PLAY","Primary Election 2020 - 06/23/2020","Democratic","Female District Leader","84",1,"Affidavit",1
"AD","ED","County","EDAD Status","Event","Party/Independent Body","Office/Position Title","District Key","VoteFor","Unit Name","Tally","84","029","Bronx","IN-PLAY","Primary Election 2020 - 06/23/2020","Democratic","Female District Leader","84",1,"Yolanda Garcia",48
"AD","ED","County","EDAD Status","Event","Party/Independent Body","Office/Position Title","District Key","VoteFor","Unit Name","Tally","84","029","Bronx","IN-PLAY","Primary Election 2020 - 06/23/2020","Democratic","Female District Leader","84",1,"Adela Maria Lopez",25
"AD","ED","County","EDAD Status","Event","Party/Independent Body","Office/Position Title","District Key","VoteFor","Unit Name","Tally","84","030","Bronx","IN-PLAY","Primary Election 2020 - 06/23/2020","Democratic","Female District Leader","84",1,"Public Counter",71
"AD","ED","County","EDAD Status","Event","Party/Independent Body","Office/Position Title","District Key","VoteFor","Unit Name","Tally","84","030","Bronx","IN-PLAY","Primary Election 2020 - 06/23/2020","Democratic","Female District Leader","84",1,"Manually Counted Emergency",0
"AD","ED","County","EDAD Status","Event","Party/Independent Body","Office/Position Title","District Key","VoteFor","Unit Name","Tally","84","030","Bronx","IN-PLAY","Primary Election 2020 - 06/23/2020","Democratic","Female District Leader","84",1,"Absentee / Military",16
"AD","ED","County","EDAD Status","Event","Party/Independent Body","Office/Position Title","District Key","VoteFor","Unit Name","Tally","84","030","Bronx","IN-PLAY","Primary Election 2020 - 06/23/2020","Democratic","Female District Leader","84",1,"Federal",0
"AD","ED","County","EDAD Status","Event","Party/Independent Body","Office/Position Title","District Key","VoteFor","Unit Name","Tally","84","030","Bronx","IN-PLAY","Primary Election 2020 - 06/23/2020","Democratic","Female District Leader","84",1,"Affidavit",2
"AD","ED","County","EDAD Status","Event","Party/Independent Body","Office/Position Title","District Key","VoteFor","Unit Name","Tally","84","030","Bronx","IN-PLAY","Primary Election 2020 - 06/23/2020","Democratic","Female District Leader","84",1,"Yolanda Garcia",42
"AD","ED","County","EDAD Status","Event","Party/Independent Body","Office/Position Title","District Key","VoteFor","Unit Name","Tally","84","030","Bronx","IN-PLAY","Primary Election 2020 - 06/23/2020","Democratic","Female District Leader","84",1,"Adela Maria Lopez",27
"AD","ED","County","EDAD Status","Event","Party/Independent Body","Office/Position Title","District Key","VoteFor","Unit Name","Tally","84","031","Bronx","IN-PLAY","Primary Election 2020 - 06/23/2020","Democratic","Female District Leader","84",1,"Public Counter",41
"AD","ED","County","EDAD Status","Event","Party/Independent Body","Office/Position Title","District Key","VoteFor","Unit Name","Tally","84","031","Bronx","IN-PLAY","Primary Election 2020 - 06/23/2020","Democratic","Female District Leader","84",1,"Manually Counted Emergency",0
"AD","ED","County","EDAD Status","Event","Party/Independent Body","Office/Position Title","District Key","VoteFor","Unit Name","Tally","84","031","Bronx","IN-PLAY","Primary Election 2020 - 06/23/2020","Democratic","Female District Leader","84",1,"Absentee / Military",13
"AD","ED","County","EDAD Status","Event","Party/Independent Body","Office/Position Title","District Key","VoteFor","Unit Name","Tally","84","031","Bronx","IN-PLAY","Primary Election 2020 - 06/23/2020","Democratic","Female District Leader","84",1,"Federal",0
"AD","ED","County","EDAD Status","Event","Party/Independent Body","Office/Position Title","District Key","VoteFor","Unit Name","Tally","84","031","Bronx","IN-PLAY","Primary Election 2020 - 06/23/2020","Democratic","Female District Leader","84",1,"Affidavit",0
"AD","ED","County","EDAD Status","Event","Party/Independent Body","Office/Position Title","District Key","VoteFor","Unit Name","Tally","84","031","Bronx","IN-PLAY","Primary Election 2020 - 06/23/2020","Democratic","Female District Leader","84",1,"Yolanda Garcia",32
"AD","ED","County","EDAD Status","Event","Party/Independent Body","Office/Position Title","District Key","VoteFor","Unit Name","Tally","84","031","Bronx","IN-PLAY","Primary Election 2020 - 06/23/2020","Democratic","Female District Leader","84",1,"Adela Maria Lopez",17
"AD","ED","County","EDAD Status","Event","Party/Independent Body","Office/Position Title","District Key","VoteFor","Unit Name","Tally","84","032","Bronx","IN-PLAY","Primary Election 2020 - 06/23/2020","Democratic","Female District Leader","84",1,"Public Counter",37
"AD","ED","County","EDAD Status","Event","Party/Independent Body","Office/Position Title","District Key","VoteFor","Unit Name","Tally","84","032","Bronx","IN-PLAY","Primary Election 2020 - 06/23/2020","Democratic","Female District Leader","84",1,"Manually Counted Emergency",0
"AD","ED","County","EDAD Status","Event","Party/Independent Body","Office/Position Title","District Key","VoteFor","Unit Name","Tally","84","032","Bronx","IN-PLAY","Primary Election 2020 - 06/23/2020","Democratic","Female District Leader","84",1,"Absentee / Military",18
"AD","ED","County","EDAD Status","Event","Party/Independent Body","Office/Position Title","District Key","VoteFor","Unit Name","Tally","84","032","Bronx","IN-PLAY","Primary Election 2020 - 06/23/2020","Democratic","Female District Leader","84",1,"Federal",1
"AD","ED","County","EDAD Status","Event","Party/Independent Body","Office/Position Title","District Key","VoteFor","Unit Name","Tally","84","032","Bronx","IN-PLAY","Primary Election 2020 - 06/23/2020","Democratic","Female District Leader","84",1,"Affidavit",2
"AD","ED","County","EDAD Status","Event","Party/Independent Body","Office/Position Title","District Key","VoteFor","Unit Name","Tally","84","032","Bronx","IN-PLAY","Primary Election 2020 - 06/23/2020","Democratic","Female District Leader","84",1,"Yolanda Garcia",28
"AD","ED","County","EDAD Status","Event","Party/Independent Body","Office/Position Title","District Key","VoteFor","Unit Name","Tally","84","032","Bronx","IN-PLAY","Primary Election 2020 - 06/23/2020","Democratic","Female District Leader","84",1,"Adela Maria Lopez",20
"AD","ED","County","EDAD Status","Event","Party/Independent Body","Office/Position Title","District Key","VoteFor","Unit Name","Tally","84","033","Bronx","IN-PLAY","Primary Election 2020 - 06/23/2020","Democratic","Female District Leader","84",1,"Public Counter",84
"AD","ED","County","EDAD Status","Event","Party/Independent Body","Office/Position Title","District Key","VoteFor","Unit Name","Tally","84","033","Bronx","IN-PLAY","Primary Election 2020 - 06/23/2020","Democratic","Female District Leader","84",1,"Manually Counted Emergency",0
"AD","ED","County","EDAD Status","Event","Party/Independent Body","Office/Position Title","District Key","VoteFor","Unit Name","Tally","84","033","Bronx","IN-PLAY","Primary Election 2020 - 06/23/2020","Democratic","Female District Leader","84",1,"Absentee / Military",23
"AD","ED","County","EDAD Status","Event","Party/Independent Body","Office/Position Title","District Key","VoteFor","Unit Name","Tally","84","033","Bronx","IN-PLAY","Primary Election 2020 - 06/23/2020","Democratic","Female District Leader","84",1,"Federal",0
"AD","ED","County","EDAD Status","Event","Party/Independent Body","Office/Position Title","District Key","VoteFor","Unit Name","Tally","84","033","Bronx","IN-PLAY","Primary Election 2020 - 06/23/2020","Democratic","Female District Leader","84",1,"Affidavit",1
"AD","ED","County","EDAD Status","Event","Party/Independent Body","Office/Position Title","District Key","VoteFor","Unit Name","Tally","84","033","Bronx","IN-PLAY","Primary Election 2020 - 06/23/2020","Democratic","Female District Leader","84",1,"Yolanda Garcia",61
"AD","ED","County","EDAD Status","Event","Party/Independent Body","Office/Position Title","District Key","VoteFor","Unit Name","Tally","84","033","Bronx","IN-PLAY","Primary Election 2020 - 06/23/2020","Democratic","Female District Leader","84",1,"Adela Maria Lopez",33
"AD","ED","County","EDAD Status","Event","Party/Independent Body","Office/Position Title","District Key","VoteFor","Unit Name","Tally","84","034","Bronx","IN-PLAY","Primary Election 2020 - 06/23/2020","Democratic","Female District Leader","84",1,"Public Counter",150
"AD","ED","County","EDAD Status","Event","Party/Independent Body","Office/Position Title","District Key","VoteFor","Unit Name","Tally","84","034","Bronx","IN-PLAY","Primary Election 2020 - 06/23/2020","Democratic","Female District Leader","84",1,"Manually Counted Emergency",0
"AD","ED","County","EDAD Status","Event","Party/Independent Body","Office/Position Title","District Key","VoteFor","Unit Name","Tally","84","034","Bronx","IN-PLAY","Primary Election 2020 - 06/23/2020","Democratic","Female District Leader","84",1,"Absentee / Military",73
"AD","ED","County","EDAD Status","Event","Party/Independent Body","Office/Position Title","District Key","VoteFor","Unit Name","Tally","84","034","Bronx","IN-PLAY","Primary Election 2020 - 06/23/2020","Democratic","Female District Leader","84",1,"Federal",0
"AD","ED","County","EDAD Status","Event","Party/Independent Body","Office/Position Title","District Key","VoteFor","Unit Name","Tally","84","034","Bronx","IN-PLAY","Primary Election 2020 - 06/23/2020","Democratic","Female District Leader","84",1,"Affidavit",7
"AD","ED","County","EDAD Status","Event","Party/Independent Body","Office/Position Title","District Key","VoteFor","Unit Name","Tally","84","034","Bronx","IN-PLAY","Primary Election 2020 - 06/23/2020","Democratic","Female District Leader","84",1,"Yolanda Garcia",128
"AD","ED","County","EDAD Status","Event","Party/Independent Body","Office/Position Title","District Key","VoteFor","Unit Name","Tally","84","034","Bronx","IN-PLAY","Primary Election 2020 - 06/23/2020","Democratic","Female District Leader","84",1,"Adela Maria Lopez",60
"AD","ED","County","EDAD Status","Event","Party/Independent Body","Office/Position Title","District Key","VoteFor","Unit Name","Tally","84","034","Bronx","IN-PLAY","Primary Election 2020 - 06/23/2020","Democratic","Female District Leader","84",1,"Scattered",1
"AD","ED","County","EDAD Status","Event","Party/Independent Body","Office/Position Title","District Key","VoteFor","Unit Name","Tally","84","035","Bronx","IN-PLAY","Primary Election 2020 - 06/23/2020","Democratic","Female District Leader","84",1,"Public Counter",99
"AD","ED","County","EDAD Status","Event","Party/Independent Body","Office/Position Title","District Key","VoteFor","Unit Name","Tally","84","035","Bronx","IN-PLAY","Primary Election 2020 - 06/23/2020","Democratic","Female District Leader","84",1,"Manually Counted Emergency",0
"AD","ED","County","EDAD Status","Event","Party/Independent Body","Office/Position Title","District Key","VoteFor","Unit Name","Tally","84","035","Bronx","IN-PLAY","Primary Election 2020 - 06/23/2020","Democratic","Female District Leader","84",1,"Absentee / Military",48
"AD","ED","County","EDAD Status","Event","Party/Independent Body","Office/Position Title","District Key","VoteFor","Unit Name","Tally","84","035","Bronx","IN-PLAY","Primary Election 2020 - 06/23/2020","Democratic","Female District Leader","84",1,"Federal",1
"AD","ED","County","EDAD Status","Event","Party/Independent Body","Office/Position Title","District Key","VoteFor","Unit Name","Tally","84","035","Bronx","IN-PLAY","Primary Election 2020 - 06/23/2020","Democratic","Female District Leader","84",1,"Affidavit",11
"AD","ED","County","EDAD Status","Event","Party/Independent Body","Office/Position Title","District Key","VoteFor","Unit Name","Tally","84","035","Bronx","IN-PLAY","Primary Election 2020 - 06/23/2020","Democratic","Female District Leader","84",1,"Yolanda Garcia",99
"AD","ED","County","EDAD Status","Event","Party/Independent Body","Office/Position Title","District Key","VoteFor","Unit Name","Tally","84","035","Bronx","IN-PLAY","Primary Election 2020 - 06/23/2020","Democratic","Female District Leader","84",1,"Adela Maria Lopez",36
"AD","ED","County","EDAD Status","Event","Party/Independent Body","Office/Position Title","District Key","VoteFor","Unit Name","Tally","84","036","Bronx","IN-PLAY","Primary Election 2020 - 06/23/2020","Democratic","Female District Leader","84",1,"Public Counter",61
"AD","ED","County","EDAD Status","Event","Party/Independent Body","Office/Position Title","District Key","VoteFor","Unit Name","Tally","84","036","Bronx","IN-PLAY","Primary Election 2020 - 06/23/2020","Democratic","Female District Leader","84",1,"Manually Counted Emergency",0
"AD","ED","County","EDAD Status","Event","Party/Independent Body","Office/Position Title","District Key","VoteFor","Unit Name","Tally","84","036","Bronx","IN-PLAY","Primary Election 2020 - 06/23/2020","Democratic","Female District Leader","84",1,"Absentee / Military",10
"AD","ED","County","EDAD Status","Event","Party/Independent Body","Office/Position Title","District Key","VoteFor","Unit Name","Tally","84","036","Bronx","IN-PLAY","Primary Election 2020 - 06/23/2020","Democratic","Female District Leader","84",1,"Federal",0
"AD","ED","County","EDAD Status","Event","Party/Independent Body","Office/Position Title","District Key","VoteFor","Unit Name","Tally","84","036","Bronx","IN-PLAY","Primary Election 2020 - 06/23/2020","Democratic","Female District Leader","84",1,"Affidavit",0
"AD","ED","County","EDAD Status","Event","Party/Independent Body","Office/Position Title","District Key","VoteFor","Unit Name","Tally","84","036","Bronx","IN-PLAY","Primary Election 2020 - 06/23/2020","Democratic","Female District Leader","84",1,"Yolanda Garcia",43
"AD","ED","County","EDAD Status","Event","Party/Independent Body","Office/Position Title","District Key","VoteFor","Unit Name","Tally","84","036","Bronx","IN-PLAY","Primary Election 2020 - 06/23/2020","Democratic","Female District Leader","84",1,"Adela Maria Lopez",17
"AD","ED","County","EDAD Status","Event","Party/Independent Body","Office/Position Title","District Key","VoteFor","Unit Name","Tally","84","037","Bronx","IN-PLAY","Primary Election 2020 - 06/23/2020","Democratic","Female District Leader","84",1,"Public Counter",118
"AD","ED","County","EDAD Status","Event","Party/Independent Body","Office/Position Title","District Key","VoteFor","Unit Name","Tally","84","037","Bronx","IN-PLAY","Primary Election 2020 - 06/23/2020","Democratic","Female District Leader","84",1,"Manually Counted Emergency",0
"AD","ED","County","EDAD Status","Event","Party/Independent Body","Office/Position Title","District Key","VoteFor","Unit Name","Tally","84","037","Bronx","IN-PLAY","Primary Election 2020 - 06/23/2020","Democratic","Female District Leader","84",1,"Absentee / Military",27
"AD","ED","County","EDAD Status","Event","Party/Independent Body","Office/Position Title","District Key","VoteFor","Unit Name","Tally","84","037","Bronx","IN-PLAY","Primary Election 2020 - 06/23/2020","Democratic","Female District Leader","84",1,"Federal",0
"AD","ED","County","EDAD Status","Event","Party/Independent Body","Office/Position Title","District Key","VoteFor","Unit Name","Tally","84","037","Bronx","IN-PLAY","Primary Election 2020 - 06/23/2020","Democratic","Female District Leader","84",1,"Affidavit",7
"AD","ED","County","EDAD Status","Event","Party/Independent Body","Office/Position Title","District Key","VoteFor","Unit Name","Tally","84","037","Bronx","IN-PLAY","Primary Election 2020 - 06/23/2020","Democratic","Female District Leader","84",1,"Yolanda Garcia",91
"AD","ED","County","EDAD Status","Event","Party/Independent Body","Office/Position Title","District Key","VoteFor","Unit Name","Tally","84","037","Bronx","IN-PLAY","Primary Election 2020 - 06/23/2020","Democratic","Female District Leader","84",1,"Adela Maria Lopez",41
"AD","ED","County","EDAD Status","Event","Party/Independent Body","Office/Position Title","District Key","VoteFor","Unit Name","Tally","84","038","Bronx","IN-PLAY","Primary Election 2020 - 06/23/2020","Democratic","Female District Leader","84",1,"Public Counter",99
"AD","ED","County","EDAD Status","Event","Party/Independent Body","Office/Position Title","District Key","VoteFor","Unit Name","Tally","84","038","Bronx","IN-PLAY","Primary Election 2020 - 06/23/2020","Democratic","Female District Leader","84",1,"Manually Counted Emergency",0
"AD","ED","County","EDAD Status","Event","Party/Independent Body","Office/Position Title","District Key","VoteFor","Unit Name","Tally","84","038","Bronx","IN-PLAY","Primary Election 2020 - 06/23/2020","Democratic","Female District Leader","84",1,"Absentee / Military",22
"AD","ED","County","EDAD Status","Event","Party/Independent Body","Office/Position Title","District Key","VoteFor","Unit Name","Tally","84","038","Bronx","IN-PLAY","Primary Election 2020 - 06/23/2020","Democratic","Female District Leader","84",1,"Federal",0
"AD","ED","County","EDAD Status","Event","Party/Independent Body","Office/Position Title","District Key","VoteFor","Unit Name","Tally","84","038","Bronx","IN-PLAY","Primary Election 2020 - 06/23/2020","Democratic","Female District Leader","84",1,"Affidavit",6
"AD","ED","County","EDAD Status","Event","Party/Independent Body","Office/Position Title","District Key","VoteFor","Unit Name","Tally","84","038","Bronx","IN-PLAY","Primary Election 2020 - 06/23/2020","Democratic","Female District Leader","84",1,"Yolanda Garcia",76
"AD","ED","County","EDAD Status","Event","Party/Independent Body","Office/Position Title","District Key","VoteFor","Unit Name","Tally","84","038","Bronx","IN-PLAY","Primary Election 2020 - 06/23/2020","Democratic","Female District Leader","84",1,"Adela Maria Lopez",19
"AD","ED","County","EDAD Status","Event","Party/Independent Body","Office/Position Title","District Key","VoteFor","Unit Name","Tally","84","039","Bronx","IN-PLAY","Primary Election 2020 - 06/23/2020","Democratic","Female District Leader","84",1,"Public Counter",133
"AD","ED","County","EDAD Status","Event","Party/Independent Body","Office/Position Title","District Key","VoteFor","Unit Name","Tally","84","039","Bronx","IN-PLAY","Primary Election 2020 - 06/23/2020","Democratic","Female District Leader","84",1,"Manually Counted Emergency",0
"AD","ED","County","EDAD Status","Event","Party/Independent Body","Office/Position Title","District Key","VoteFor","Unit Name","Tally","84","039","Bronx","IN-PLAY","Primary Election 2020 - 06/23/2020","Democratic","Female District Leader","84",1,"Absentee / Military",35
"AD","ED","County","EDAD Status","Event","Party/Independent Body","Office/Position Title","District Key","VoteFor","Unit Name","Tally","84","039","Bronx","IN-PLAY","Primary Election 2020 - 06/23/2020","Democratic","Female District Leader","84",1,"Federal",1
"AD","ED","County","EDAD Status","Event","Party/Independent Body","Office/Position Title","District Key","VoteFor","Unit Name","Tally","84","039","Bronx","IN-PLAY","Primary Election 2020 - 06/23/2020","Democratic","Female District Leader","84",1,"Affidavit",4
"AD","ED","County","EDAD Status","Event","Party/Independent Body","Office/Position Title","District Key","VoteFor","Unit Name","Tally","84","039","Bronx","IN-PLAY","Primary Election 2020 - 06/23/2020","Democratic","Female District Leader","84",1,"Yolanda Garcia",107
"AD","ED","County","EDAD Status","Event","Party/Independent Body","Office/Position Title","District Key","VoteFor","Unit Name","Tally","84","039","Bronx","IN-PLAY","Primary Election 2020 - 06/23/2020","Democratic","Female District Leader","84",1,"Adela Maria Lopez",33
"AD","ED","County","EDAD Status","Event","Party/Independent Body","Office/Position Title","District Key","VoteFor","Unit Name","Tally","84","040","Bronx","IN-PLAY","Primary Election 2020 - 06/23/2020","Democratic","Female District Leader","84",1,"Public Counter",97
"AD","ED","County","EDAD Status","Event","Party/Independent Body","Office/Position Title","District Key","VoteFor","Unit Name","Tally","84","040","Bronx","IN-PLAY","Primary Election 2020 - 06/23/2020","Democratic","Female District Leader","84",1,"Manually Counted Emergency",0
"AD","ED","County","EDAD Status","Event","Party/Independent Body","Office/Position Title","District Key","VoteFor","Unit Name","Tally","84","040","Bronx","IN-PLAY","Primary Election 2020 - 06/23/2020","Democratic","Female District Leader","84",1,"Absentee / Military",46
"AD","ED","County","EDAD Status","Event","Party/Independent Body","Office/Position Title","District Key","VoteFor","Unit Name","Tally","84","040","Bronx","IN-PLAY","Primary Election 2020 - 06/23/2020","Democratic","Female District Leader","84",1,"Federal",0
"AD","ED","County","EDAD Status","Event","Party/Independent Body","Office/Position Title","District Key","VoteFor","Unit Name","Tally","84","040","Bronx","IN-PLAY","Primary Election 2020 - 06/23/2020","Democratic","Female District Leader","84",1,"Affidavit",4
"AD","ED","County","EDAD Status","Event","Party/Independent Body","Office/Position Title","District Key","VoteFor","Unit Name","Tally","84","040","Bronx","IN-PLAY","Primary Election 2020 - 06/23/2020","Democratic","Female District Leader","84",1,"Yolanda Garcia",97
"AD","ED","County","EDAD Status","Event","Party/Independent Body","Office/Position Title","District Key","VoteFor","Unit Name","Tally","84","040","Bronx","IN-PLAY","Primary Election 2020 - 06/23/2020","Democratic","Female District Leader","84",1,"Adela Maria Lopez",24
"AD","ED","County","EDAD Status","Event","Party/Independent Body","Office/Position Title","District Key","VoteFor","Unit Name","Tally","84","040","Bronx","IN-PLAY","Primary Election 2020 - 06/23/2020","Democratic","Female District Leader","84",1,"Scattered",1
"AD","ED","County","EDAD Status","Event","Party/Independent Body","Office/Position Title","District Key","VoteFor","Unit Name","Tally","84","041","Bronx","IN-PLAY","Primary Election 2020 - 06/23/2020","Democratic","Female District Leader","84",1,"Public Counter",100
"AD","ED","County","EDAD Status","Event","Party/Independent Body","Office/Position Title","District Key","VoteFor","Unit Name","Tally","84","041","Bronx","IN-PLAY","Primary Election 2020 - 06/23/2020","Democratic","Female District Leader","84",1,"Manually Counted Emergency",2
"AD","ED","County","EDAD Status","Event","Party/Independent Body","Office/Position Title","District Key","VoteFor","Unit Name","Tally","84","041","Bronx","IN-PLAY","Primary Election 2020 - 06/23/2020","Democratic","Female District Leader","84",1,"Absentee / Military",32
"AD","ED","County","EDAD Status","Event","Party/Independent Body","Office/Position Title","District Key","VoteFor","Unit Name","Tally","84","041","Bronx","IN-PLAY","Primary Election 2020 - 06/23/2020","Democratic","Female District Leader","84",1,"Federal",0
"AD","ED","County","EDAD Status","Event","Party/Independent Body","Office/Position Title","District Key","VoteFor","Unit Name","Tally","84","041","Bronx","IN-PLAY","Primary Election 2020 - 06/23/2020","Democratic","Female District Leader","84",1,"Affidavit",3
"AD","ED","County","EDAD Status","Event","Party/Independent Body","Office/Position Title","District Key","VoteFor","Unit Name","Tally","84","041","Bronx","IN-PLAY","Primary Election 2020 - 06/23/2020","Democratic","Female District Leader","84",1,"Yolanda Garcia",70
"AD","ED","County","EDAD Status","Event","Party/Independent Body","Office/Position Title","District Key","VoteFor","Unit Name","Tally","84","041","Bronx","IN-PLAY","Primary Election 2020 - 06/23/2020","Democratic","Female District Leader","84",1,"Adela Maria Lopez",33
"AD","ED","County","EDAD Status","Event","Party/Independent Body","Office/Position Title","District Key","VoteFor","Unit Name","Tally","84","042","Bronx","IN-PLAY","Primary Election 2020 - 06/23/2020","Democratic","Female District Leader","84",1,"Public Counter",131
"AD","ED","County","EDAD Status","Event","Party/Independent Body","Office/Position Title","District Key","VoteFor","Unit Name","Tally","84","042","Bronx","IN-PLAY","Primary Election 2020 - 06/23/2020","Democratic","Female District Leader","84",1,"Manually Counted Emergency",0
"AD","ED","County","EDAD Status","Event","Party/Independent Body","Office/Position Title","District Key","VoteFor","Unit Name","Tally","84","042","Bronx","IN-PLAY","Primary Election 2020 - 06/23/2020","Democratic","Female District Leader","84",1,"Absentee / Military",37
"AD","ED","County","EDAD Status","Event","Party/Independent Body","Office/Position Title","District Key","VoteFor","Unit Name","Tally","84","042","Bronx","IN-PLAY","Primary Election 2020 - 06/23/2020","Democratic","Female District Leader","84",1,"Federal",0
"AD","ED","County","EDAD Status","Event","Party/Independent Body","Office/Position Title","District Key","VoteFor","Unit Name","Tally","84","042","Bronx","IN-PLAY","Primary Election 2020 - 06/23/2020","Democratic","Female District Leader","84",1,"Affidavit",1
"AD","ED","County","EDAD Status","Event","Party/Independent Body","Office/Position Title","District Key","VoteFor","Unit Name","Tally","84","042","Bronx","IN-PLAY","Primary Election 2020 - 06/23/2020","Democratic","Female District Leader","84",1,"Yolanda Garcia",80
"AD","ED","County","EDAD Status","Event","Party/Independent Body","Office/Position Title","District Key","VoteFor","Unit Name","Tally","84","042","Bronx","IN-PLAY","Primary Election 2020 - 06/23/2020","Democratic","Female District Leader","84",1,"Adela Maria Lopez",49
"AD","ED","County","EDAD Status","Event","Party/Independent Body","Office/Position Title","District Key","VoteFor","Unit Name","Tally","84","043","Bronx","IN-PLAY","Primary Election 2020 - 06/23/2020","Democratic","Female District Leader","84",1,"Public Counter",131
"AD","ED","County","EDAD Status","Event","Party/Independent Body","Office/Position Title","District Key","VoteFor","Unit Name","Tally","84","043","Bronx","IN-PLAY","Primary Election 2020 - 06/23/2020","Democratic","Female District Leader","84",1,"Manually Counted Emergency",0
"AD","ED","County","EDAD Status","Event","Party/Independent Body","Office/Position Title","District Key","VoteFor","Unit Name","Tally","84","043","Bronx","IN-PLAY","Primary Election 2020 - 06/23/2020","Democratic","Female District Leader","84",1,"Absentee / Military",35
"AD","ED","County","EDAD Status","Event","Party/Independent Body","Office/Position Title","District Key","VoteFor","Unit Name","Tally","84","043","Bronx","IN-PLAY","Primary Election 2020 - 06/23/2020","Democratic","Female District Leader","84",1,"Federal",0
"AD","ED","County","EDAD Status","Event","Party/Independent Body","Office/Position Title","District Key","VoteFor","Unit Name","Tally","84","043","Bronx","IN-PLAY","Primary Election 2020 - 06/23/2020","Democratic","Female District Leader","84",1,"Affidavit",2
"AD","ED","County","EDAD Status","Event","Party/Independent Body","Office/Position Title","District Key","VoteFor","Unit Name","Tally","84","043","Bronx","IN-PLAY","Primary Election 2020 - 06/23/2020","Democratic","Female District Leader","84",1,"Yolanda Garcia",104
"AD","ED","County","EDAD Status","Event","Party/Independent Body","Office/Position Title","District Key","VoteFor","Unit Name","Tally","84","043","Bronx","IN-PLAY","Primary Election 2020 - 06/23/2020","Democratic","Female District Leader","84",1,"Adela Maria Lopez",44
"AD","ED","County","EDAD Status","Event","Party/Independent Body","Office/Position Title","District Key","VoteFor","Unit Name","Tally","84","043","Bronx","IN-PLAY","Primary Election 2020 - 06/23/2020","Democratic","Female District Leader","84",1,"Scattered",4
"AD","ED","County","EDAD Status","Event","Party/Independent Body","Office/Position Title","District Key","VoteFor","Unit Name","Tally","84","044","Bronx","IN-PLAY","Primary Election 2020 - 06/23/2020","Democratic","Female District Leader","84",1,"Public Counter",120
"AD","ED","County","EDAD Status","Event","Party/Independent Body","Office/Position Title","District Key","VoteFor","Unit Name","Tally","84","044","Bronx","IN-PLAY","Primary Election 2020 - 06/23/2020","Democratic","Female District Leader","84",1,"Manually Counted Emergency",0
"AD","ED","County","EDAD Status","Event","Party/Independent Body","Office/Position Title","District Key","VoteFor","Unit Name","Tally","84","044","Bronx","IN-PLAY","Primary Election 2020 - 06/23/2020","Democratic","Female District Leader","84",1,"Absentee / Military",23
"AD","ED","County","EDAD Status","Event","Party/Independent Body","Office/Position Title","District Key","VoteFor","Unit Name","Tally","84","044","Bronx","IN-PLAY","Primary Election 2020 - 06/23/2020","Democratic","Female District Leader","84",1,"Federal",0
"AD","ED","County","EDAD Status","Event","Party/Independent Body","Office/Position Title","District Key","VoteFor","Unit Name","Tally","84","044","Bronx","IN-PLAY","Primary Election 2020 - 06/23/2020","Democratic","Female District Leader","84",1,"Affidavit",0
"AD","ED","County","EDAD Status","Event","Party/Independent Body","Office/Position Title","District Key","VoteFor","Unit Name","Tally","84","044","Bronx","IN-PLAY","Primary Election 2020 - 06/23/2020","Democratic","Female District Leader","84",1,"Yolanda Garcia",97
"AD","ED","County","EDAD Status","Event","Party/Independent Body","Office/Position Title","District Key","VoteFor","Unit Name","Tally","84","044","Bronx","IN-PLAY","Primary Election 2020 - 06/23/2020","Democratic","Female District Leader","84",1,"Adela Maria Lopez",28
"AD","ED","County","EDAD Status","Event","Party/Independent Body","Office/Position Title","District Key","VoteFor","Unit Name","Tally","84","044","Bronx","IN-PLAY","Primary Election 2020 - 06/23/2020","Democratic","Female District Leader","84",1,"Scattered",1
"AD","ED","County","EDAD Status","Event","Party/Independent Body","Office/Position Title","District Key","VoteFor","Unit Name","Tally","84","045","Bronx","IN-PLAY","Primary Election 2020 - 06/23/2020","Democratic","Female District Leader","84",1,"Public Counter",86
"AD","ED","County","EDAD Status","Event","Party/Independent Body","Office/Position Title","District Key","VoteFor","Unit Name","Tally","84","045","Bronx","IN-PLAY","Primary Election 2020 - 06/23/2020","Democratic","Female District Leader","84",1,"Manually Counted Emergency",0
"AD","ED","County","EDAD Status","Event","Party/Independent Body","Office/Position Title","District Key","VoteFor","Unit Name","Tally","84","045","Bronx","IN-PLAY","Primary Election 2020 - 06/23/2020","Democratic","Female District Leader","84",1,"Absentee / Military",14
"AD","ED","County","EDAD Status","Event","Party/Independent Body","Office/Position Title","District Key","VoteFor","Unit Name","Tally","84","045","Bronx","IN-PLAY","Primary Election 2020 - 06/23/2020","Democratic","Female District Leader","84",1,"Federal",0
"AD","ED","County","EDAD Status","Event","Party/Independent Body","Office/Position Title","District Key","VoteFor","Unit Name","Tally","84","045","Bronx","IN-PLAY","Primary Election 2020 - 06/23/2020","Democratic","Female District Leader","84",1,"Affidavit",2
"AD","ED","County","EDAD Status","Event","Party/Independent Body","Office/Position Title","District Key","VoteFor","Unit Name","Tally","84","045","Bronx","IN-PLAY","Primary Election 2020 - 06/23/2020","Democratic","Female District Leader","84",1,"Yolanda Garcia",72
"AD","ED","County","EDAD Status","Event","Party/Independent Body","Office/Position Title","District Key","VoteFor","Unit Name","Tally","84","045","Bronx","IN-PLAY","Primary Election 2020 - 06/23/2020","Democratic","Female District Leader","84",1,"Adela Maria Lopez",24
"AD","ED","County","EDAD Status","Event","Party/Independent Body","Office/Position Title","District Key","VoteFor","Unit Name","Tally","84","046","Bronx","IN-PLAY","Primary Election 2020 - 06/23/2020","Democratic","Female District Leader","84",1,"Public Counter",105
"AD","ED","County","EDAD Status","Event","Party/Independent Body","Office/Position Title","District Key","VoteFor","Unit Name","Tally","84","046","Bronx","IN-PLAY","Primary Election 2020 - 06/23/2020","Democratic","Female District Leader","84",1,"Manually Counted Emergency",0
"AD","ED","County","EDAD Status","Event","Party/Independent Body","Office/Position Title","District Key","VoteFor","Unit Name","Tally","84","046","Bronx","IN-PLAY","Primary Election 2020 - 06/23/2020","Democratic","Female District Leader","84",1,"Absentee / Military",35
"AD","ED","County","EDAD Status","Event","Party/Independent Body","Office/Position Title","District Key","VoteFor","Unit Name","Tally","84","046","Bronx","IN-PLAY","Primary Election 2020 - 06/23/2020","Democratic","Female District Leader","84",1,"Federal",0
"AD","ED","County","EDAD Status","Event","Party/Independent Body","Office/Position Title","District Key","VoteFor","Unit Name","Tally","84","046","Bronx","IN-PLAY","Primary Election 2020 - 06/23/2020","Democratic","Female District Leader","84",1,"Affidavit",1
"AD","ED","County","EDAD Status","Event","Party/Independent Body","Office/Position Title","District Key","VoteFor","Unit Name","Tally","84","046","Bronx","IN-PLAY","Primary Election 2020 - 06/23/2020","Democratic","Female District Leader","84",1,"Yolanda Garcia",84
"AD","ED","County","EDAD Status","Event","Party/Independent Body","Office/Position Title","District Key","VoteFor","Unit Name","Tally","84","046","Bronx","IN-PLAY","Primary Election 2020 - 06/23/2020","Democratic","Female District Leader","84",1,"Adela Maria Lopez",43
"AD","ED","County","EDAD Status","Event","Party/Independent Body","Office/Position Title","District Key","VoteFor","Unit Name","Tally","84","047","Bronx","IN-PLAY","Primary Election 2020 - 06/23/2020","Democratic","Female District Leader","84",1,"Public Counter",48
"AD","ED","County","EDAD Status","Event","Party/Independent Body","Office/Position Title","District Key","VoteFor","Unit Name","Tally","84","047","Bronx","IN-PLAY","Primary Election 2020 - 06/23/2020","Democratic","Female District Leader","84",1,"Manually Counted Emergency",0
"AD","ED","County","EDAD Status","Event","Party/Independent Body","Office/Position Title","District Key","VoteFor","Unit Name","Tally","84","047","Bronx","IN-PLAY","Primary Election 2020 - 06/23/2020","Democratic","Female District Leader","84",1,"Absentee / Military",15
"AD","ED","County","EDAD Status","Event","Party/Independent Body","Office/Position Title","District Key","VoteFor","Unit Name","Tally","84","047","Bronx","IN-PLAY","Primary Election 2020 - 06/23/2020","Democratic","Female District Leader","84",1,"Federal",0
"AD","ED","County","EDAD Status","Event","Party/Independent Body","Office/Position Title","District Key","VoteFor","Unit Name","Tally","84","047","Bronx","IN-PLAY","Primary Election 2020 - 06/23/2020","Democratic","Female District Leader","84",1,"Affidavit",1
"AD","ED","County","EDAD Status","Event","Party/Independent Body","Office/Position Title","District Key","VoteFor","Unit Name","Tally","84","047","Bronx","IN-PLAY","Primary Election 2020 - 06/23/2020","Democratic","Female District Leader","84",1,"Yolanda Garcia",32
"AD","ED","County","EDAD Status","Event","Party/Independent Body","Office/Position Title","District Key","VoteFor","Unit Name","Tally","84","047","Bronx","IN-PLAY","Primary Election 2020 - 06/23/2020","Democratic","Female District Leader","84",1,"Adela Maria Lopez",25
"AD","ED","County","EDAD Status","Event","Party/Independent Body","Office/Position Title","District Key","VoteFor","Unit Name","Tally","84","048","Bronx","IN-PLAY","Primary Election 2020 - 06/23/2020","Democratic","Female District Leader","84",1,"Public Counter",81
"AD","ED","County","EDAD Status","Event","Party/Independent Body","Office/Position Title","District Key","VoteFor","Unit Name","Tally","84","048","Bronx","IN-PLAY","Primary Election 2020 - 06/23/2020","Democratic","Female District Leader","84",1,"Manually Counted Emergency",0
"AD","ED","County","EDAD Status","Event","Party/Independent Body","Office/Position Title","District Key","VoteFor","Unit Name","Tally","84","048","Bronx","IN-PLAY","Primary Election 2020 - 06/23/2020","Democratic","Female District Leader","84",1,"Absentee / Military",42
"AD","ED","County","EDAD Status","Event","Party/Independent Body","Office/Position Title","District Key","VoteFor","Unit Name","Tally","84","048","Bronx","IN-PLAY","Primary Election 2020 - 06/23/2020","Democratic","Female District Leader","84",1,"Federal",0
"AD","ED","County","EDAD Status","Event","Party/Independent Body","Office/Position Title","District Key","VoteFor","Unit Name","Tally","84","048","Bronx","IN-PLAY","Primary Election 2020 - 06/23/2020","Democratic","Female District Leader","84",1,"Affidavit",17
"AD","ED","County","EDAD Status","Event","Party/Independent Body","Office/Position Title","District Key","VoteFor","Unit Name","Tally","84","048","Bronx","IN-PLAY","Primary Election 2020 - 06/23/2020","Democratic","Female District Leader","84",1,"Yolanda Garcia",70
"AD","ED","County","EDAD Status","Event","Party/Independent Body","Office/Position Title","District Key","VoteFor","Unit Name","Tally","84","048","Bronx","IN-PLAY","Primary Election 2020 - 06/23/2020","Democratic","Female District Leader","84",1,"Adela Maria Lopez",37
"AD","ED","County","EDAD Status","Event","Party/Independent Body","Office/Position Title","District Key","VoteFor","Unit Name","Tally","84","048","Bronx","IN-PLAY","Primary Election 2020 - 06/23/2020","Democratic","Female District Leader","84",1,"Scattered",1
"AD","ED","County","EDAD Status","Event","Party/Independent Body","Office/Position Title","District Key","VoteFor","Unit Name","Tally","84","049","Bronx","IN-PLAY","Primary Election 2020 - 06/23/2020","Democratic","Female District Leader","84",1,"Public Counter",39
"AD","ED","County","EDAD Status","Event","Party/Independent Body","Office/Position Title","District Key","VoteFor","Unit Name","Tally","84","049","Bronx","IN-PLAY","Primary Election 2020 - 06/23/2020","Democratic","Female District Leader","84",1,"Manually Counted Emergency",0
"AD","ED","County","EDAD Status","Event","Party/Independent Body","Office/Position Title","District Key","VoteFor","Unit Name","Tally","84","049","Bronx","IN-PLAY","Primary Election 2020 - 06/23/2020","Democratic","Female District Leader","84",1,"Absentee / Military",10
"AD","ED","County","EDAD Status","Event","Party/Independent Body","Office/Position Title","District Key","VoteFor","Unit Name","Tally","84","049","Bronx","IN-PLAY","Primary Election 2020 - 06/23/2020","Democratic","Female District Leader","84",1,"Federal",0
"AD","ED","County","EDAD Status","Event","Party/Independent Body","Office/Position Title","District Key","VoteFor","Unit Name","Tally","84","049","Bronx","IN-PLAY","Primary Election 2020 - 06/23/2020","Democratic","Female District Leader","84",1,"Affidavit",2
"AD","ED","County","EDAD Status","Event","Party/Independent Body","Office/Position Title","District Key","VoteFor","Unit Name","Tally","84","049","Bronx","IN-PLAY","Primary Election 2020 - 06/23/2020","Democratic","Female District Leader","84",1,"Yolanda Garcia",32
"AD","ED","County","EDAD Status","Event","Party/Independent Body","Office/Position Title","District Key","VoteFor","Unit Name","Tally","84","049","Bronx","IN-PLAY","Primary Election 2020 - 06/23/2020","Democratic","Female District Leader","84",1,"Adela Maria Lopez",10
"AD","ED","County","EDAD Status","Event","Party/Independent Body","Office/Position Title","District Key","VoteFor","Unit Name","Tally","84","049","Bronx","IN-PLAY","Primary Election 2020 - 06/23/2020","Democratic","Female District Leader","84",1,"Scattered",1
"AD","ED","County","EDAD Status","Event","Party/Independent Body","Office/Position Title","District Key","VoteFor","Unit Name","Tally","84","050","Bronx","IN-PLAY","Primary Election 2020 - 06/23/2020","Democratic","Female District Leader","84",1,"Public Counter",130
"AD","ED","County","EDAD Status","Event","Party/Independent Body","Office/Position Title","District Key","VoteFor","Unit Name","Tally","84","050","Bronx","IN-PLAY","Primary Election 2020 - 06/23/2020","Democratic","Female District Leader","84",1,"Manually Counted Emergency",0
"AD","ED","County","EDAD Status","Event","Party/Independent Body","Office/Position Title","District Key","VoteFor","Unit Name","Tally","84","050","Bronx","IN-PLAY","Primary Election 2020 - 06/23/2020","Democratic","Female District Leader","84",1,"Absentee / Military",30
"AD","ED","County","EDAD Status","Event","Party/Independent Body","Office/Position Title","District Key","VoteFor","Unit Name","Tally","84","050","Bronx","IN-PLAY","Primary Election 2020 - 06/23/2020","Democratic","Female District Leader","84",1,"Federal",0
"AD","ED","County","EDAD Status","Event","Party/Independent Body","Office/Position Title","District Key","VoteFor","Unit Name","Tally","84","050","Bronx","IN-PLAY","Primary Election 2020 - 06/23/2020","Democratic","Female District Leader","84",1,"Affidavit",3
"AD","ED","County","EDAD Status","Event","Party/Independent Body","Office/Position Title","District Key","VoteFor","Unit Name","Tally","84","050","Bronx","IN-PLAY","Primary Election 2020 - 06/23/2020","Democratic","Female District Leader","84",1,"Yolanda Garcia",106
"AD","ED","County","EDAD Status","Event","Party/Independent Body","Office/Position Title","District Key","VoteFor","Unit Name","Tally","84","050","Bronx","IN-PLAY","Primary Election 2020 - 06/23/2020","Democratic","Female District Leader","84",1,"Adela Maria Lopez",28
"AD","ED","County","EDAD Status","Event","Party/Independent Body","Office/Position Title","District Key","VoteFor","Unit Name","Tally","84","051","Bronx","IN-PLAY","Primary Election 2020 - 06/23/2020","Democratic","Female District Leader","84",1,"Public Counter",94
"AD","ED","County","EDAD Status","Event","Party/Independent Body","Office/Position Title","District Key","VoteFor","Unit Name","Tally","84","051","Bronx","IN-PLAY","Primary Election 2020 - 06/23/2020","Democratic","Female District Leader","84",1,"Manually Counted Emergency",0
"AD","ED","County","EDAD Status","Event","Party/Independent Body","Office/Position Title","District Key","VoteFor","Unit Name","Tally","84","051","Bronx","IN-PLAY","Primary Election 2020 - 06/23/2020","Democratic","Female District Leader","84",1,"Absentee / Military",24
"AD","ED","County","EDAD Status","Event","Party/Independent Body","Office/Position Title","District Key","VoteFor","Unit Name","Tally","84","051","Bronx","IN-PLAY","Primary Election 2020 - 06/23/2020","Democratic","Female District Leader","84",1,"Federal",0
"AD","ED","County","EDAD Status","Event","Party/Independent Body","Office/Position Title","District Key","VoteFor","Unit Name","Tally","84","051","Bronx","IN-PLAY","Primary Election 2020 - 06/23/2020","Democratic","Female District Leader","84",1,"Affidavit",6
"AD","ED","County","EDAD Status","Event","Party/Independent Body","Office/Position Title","District Key","VoteFor","Unit Name","Tally","84","051","Bronx","IN-PLAY","Primary Election 2020 - 06/23/2020","Democratic","Female District Leader","84",1,"Yolanda Garcia",68
"AD","ED","County","EDAD Status","Event","Party/Independent Body","Office/Position Title","District Key","VoteFor","Unit Name","Tally","84","051","Bronx","IN-PLAY","Primary Election 2020 - 06/23/2020","Democratic","Female District Leader","84",1,"Adela Maria Lopez",36
"AD","ED","County","EDAD Status","Event","Party/Independent Body","Office/Position Title","District Key","VoteFor","Unit Name","Tally","84","052","Bronx","IN-PLAY","Primary Election 2020 - 06/23/2020","Democratic","Female District Leader","84",1,"Public Counter",58
"AD","ED","County","EDAD Status","Event","Party/Independent Body","Office/Position Title","District Key","VoteFor","Unit Name","Tally","84","052","Bronx","IN-PLAY","Primary Election 2020 - 06/23/2020","Democratic","Female District Leader","84",1,"Manually Counted Emergency",0
"AD","ED","County","EDAD Status","Event","Party/Independent Body","Office/Position Title","District Key","VoteFor","Unit Name","Tally","84","052","Bronx","IN-PLAY","Primary Election 2020 - 06/23/2020","Democratic","Female District Leader","84",1,"Absentee / Military",17
"AD","ED","County","EDAD Status","Event","Party/Independent Body","Office/Position Title","District Key","VoteFor","Unit Name","Tally","84","052","Bronx","IN-PLAY","Primary Election 2020 - 06/23/2020","Democratic","Female District Leader","84",1,"Federal",0
"AD","ED","County","EDAD Status","Event","Party/Independent Body","Office/Position Title","District Key","VoteFor","Unit Name","Tally","84","052","Bronx","IN-PLAY","Primary Election 2020 - 06/23/2020","Democratic","Female District Leader","84",1,"Affidavit",3
"AD","ED","County","EDAD Status","Event","Party/Independent Body","Office/Position Title","District Key","VoteFor","Unit Name","Tally","84","052","Bronx","IN-PLAY","Primary Election 2020 - 06/23/2020","Democratic","Female District Leader","84",1,"Yolanda Garcia",51
"AD","ED","County","EDAD Status","Event","Party/Independent Body","Office/Position Title","District Key","VoteFor","Unit Name","Tally","84","052","Bronx","IN-PLAY","Primary Election 2020 - 06/23/2020","Democratic","Female District Leader","84",1,"Adela Maria Lopez",22
"AD","ED","County","EDAD Status","Event","Party/Independent Body","Office/Position Title","District Key","VoteFor","Unit Name","Tally","84","053","Bronx","IN-PLAY","Primary Election 2020 - 06/23/2020","Democratic","Female District Leader","84",1,"Public Counter",2
"AD","ED","County","EDAD Status","Event","Party/Independent Body","Office/Position Title","District Key","VoteFor","Unit Name","Tally","84","053","Bronx","IN-PLAY","Primary Election 2020 - 06/23/2020","Democratic","Female District Leader","84",1,"Manually Counted Emergency",0
"AD","ED","County","EDAD Status","Event","Party/Independent Body","Office/Position Title","District Key","VoteFor","Unit Name","Tally","84","053","Bronx","IN-PLAY","Primary Election 2020 - 06/23/2020","Democratic","Female District Leader","84",1,"Absentee / Military",0
"AD","ED","County","EDAD Status","Event","Party/Independent Body","Office/Position Title","District Key","VoteFor","Unit Name","Tally","84","053","Bronx","IN-PLAY","Primary Election 2020 - 06/23/2020","Democratic","Female District Leader","84",1,"Federal",0
"AD","ED","County","EDAD Status","Event","Party/Independent Body","Office/Position Title","District Key","VoteFor","Unit Name","Tally","84","053","Bronx","IN-PLAY","Primary Election 2020 - 06/23/2020","Democratic","Female District Leader","84",1,"Affidavit",0
"AD","ED","County","EDAD Status","Event","Party/Independent Body","Office/Position Title","District Key","VoteFor","Unit Name","Tally","84","053","Bronx","IN-PLAY","Primary Election 2020 - 06/23/2020","Democratic","Female District Leader","84",1,"Yolanda Garcia",2
"AD","ED","County","EDAD Status","Event","Party/Independent Body","Office/Position Title","District Key","VoteFor","Unit Name","Tally","84","053","Bronx","IN-PLAY","Primary Election 2020 - 06/23/2020","Democratic","Female District Leader","84",1,"Adela Maria Lopez",0
"AD","ED","County","EDAD Status","Event","Party/Independent Body","Office/Position Title","District Key","VoteFor","Unit Name","Tally","84","054","Bronx","IN-PLAY","Primary Election 2020 - 06/23/2020","Democratic","Female District Leader","84",1,"Public Counter",131
"AD","ED","County","EDAD Status","Event","Party/Independent Body","Office/Position Title","District Key","VoteFor","Unit Name","Tally","84","054","Bronx","IN-PLAY","Primary Election 2020 - 06/23/2020","Democratic","Female District Leader","84",1,"Manually Counted Emergency",0
"AD","ED","County","EDAD Status","Event","Party/Independent Body","Office/Position Title","District Key","VoteFor","Unit Name","Tally","84","054","Bronx","IN-PLAY","Primary Election 2020 - 06/23/2020","Democratic","Female District Leader","84",1,"Absentee / Military",18
"AD","ED","County","EDAD Status","Event","Party/Independent Body","Office/Position Title","District Key","VoteFor","Unit Name","Tally","84","054","Bronx","IN-PLAY","Primary Election 2020 - 06/23/2020","Democratic","Female District Leader","84",1,"Federal",0
"AD","ED","County","EDAD Status","Event","Party/Independent Body","Office/Position Title","District Key","VoteFor","Unit Name","Tally","84","054","Bronx","IN-PLAY","Primary Election 2020 - 06/23/2020","Democratic","Female District Leader","84",1,"Affidavit",2
"AD","ED","County","EDAD Status","Event","Party/Independent Body","Office/Position Title","District Key","VoteFor","Unit Name","Tally","84","054","Bronx","IN-PLAY","Primary Election 2020 - 06/23/2020","Democratic","Female District Leader","84",1,"Yolanda Garcia",73
"AD","ED","County","EDAD Status","Event","Party/Independent Body","Office/Position Title","District Key","VoteFor","Unit Name","Tally","84","054","Bronx","IN-PLAY","Primary Election 2020 - 06/23/2020","Democratic","Female District Leader","84",1,"Adela Maria Lopez",46
"AD","ED","County","EDAD Status","Event","Party/Independent Body","Office/Position Title","District Key","VoteFor","Unit Name","Tally","84","054","Bronx","IN-PLAY","Primary Election 2020 - 06/23/2020","Democratic","Female District Leader","84",1,"Scattered",1
"AD","ED","County","EDAD Status","Event","Party/Independent Body","Office/Position Title","District Key","VoteFor","Unit Name","Tally","84","055","Bronx","IN-PLAY","Primary Election 2020 - 06/23/2020","Democratic","Female District Leader","84",1,"Public Counter",85
"AD","ED","County","EDAD Status","Event","Party/Independent Body","Office/Position Title","District Key","VoteFor","Unit Name","Tally","84","055","Bronx","IN-PLAY","Primary Election 2020 - 06/23/2020","Democratic","Female District Leader","84",1,"Manually Counted Emergency",0
"AD","ED","County","EDAD Status","Event","Party/Independent Body","Office/Position Title","District Key","VoteFor","Unit Name","Tally","84","055","Bronx","IN-PLAY","Primary Election 2020 - 06/23/2020","Democratic","Female District Leader","84",1,"Absentee / Military",42
"AD","ED","County","EDAD Status","Event","Party/Independent Body","Office/Position Title","District Key","VoteFor","Unit Name","Tally","84","055","Bronx","IN-PLAY","Primary Election 2020 - 06/23/2020","Democratic","Female District Leader","84",1,"Federal",0
"AD","ED","County","EDAD Status","Event","Party/Independent Body","Office/Position Title","District Key","VoteFor","Unit Name","Tally","84","055","Bronx","IN-PLAY","Primary Election 2020 - 06/23/2020","Democratic","Female District Leader","84",1,"Affidavit",0
"AD","ED","County","EDAD Status","Event","Party/Independent Body","Office/Position Title","District Key","VoteFor","Unit Name","Tally","84","055","Bronx","IN-PLAY","Primary Election 2020 - 06/23/2020","Democratic","Female District Leader","84",1,"Yolanda Garcia",63
"AD","ED","County","EDAD Status","Event","Party/Independent Body","Office/Position Title","District Key","VoteFor","Unit Name","Tally","84","055","Bronx","IN-PLAY","Primary Election 2020 - 06/23/2020","Democratic","Female District Leader","84",1,"Adela Maria Lopez",39
"AD","ED","County","EDAD Status","Event","Party/Independent Body","Office/Position Title","District Key","VoteFor","Unit Name","Tally","84","056","Bronx","IN-PLAY","Primary Election 2020 - 06/23/2020","Democratic","Female District Leader","84",1,"Public Counter",126
"AD","ED","County","EDAD Status","Event","Party/Independent Body","Office/Position Title","District Key","VoteFor","Unit Name","Tally","84","056","Bronx","IN-PLAY","Primary Election 2020 - 06/23/2020","Democratic","Female District Leader","84",1,"Manually Counted Emergency",0
"AD","ED","County","EDAD Status","Event","Party/Independent Body","Office/Position Title","District Key","VoteFor","Unit Name","Tally","84","056","Bronx","IN-PLAY","Primary Election 2020 - 06/23/2020","Democratic","Female District Leader","84",1,"Absentee / Military",30
"AD","ED","County","EDAD Status","Event","Party/Independent Body","Office/Position Title","District Key","VoteFor","Unit Name","Tally","84","056","Bronx","IN-PLAY","Primary Election 2020 - 06/23/2020","Democratic","Female District Leader","84",1,"Federal",0
"AD","ED","County","EDAD Status","Event","Party/Independent Body","Office/Position Title","District Key","VoteFor","Unit Name","Tally","84","056","Bronx","IN-PLAY","Primary Election 2020 - 06/23/2020","Democratic","Female District Leader","84",1,"Affidavit",0
"AD","ED","County","EDAD Status","Event","Party/Independent Body","Office/Position Title","District Key","VoteFor","Unit Name","Tally","84","056","Bronx","IN-PLAY","Primary Election 2020 - 06/23/2020","Democratic","Female District Leader","84",1,"Yolanda Garcia",79
"AD","ED","County","EDAD Status","Event","Party/Independent Body","Office/Position Title","District Key","VoteFor","Unit Name","Tally","84","056","Bronx","IN-PLAY","Primary Election 2020 - 06/23/2020","Democratic","Female District Leader","84",1,"Adela Maria Lopez",49
"AD","ED","County","EDAD Status","Event","Party/Independent Body","Office/Position Title","District Key","VoteFor","Unit Name","Tally","84","057","Bronx","IN-PLAY","Primary Election 2020 - 06/23/2020","Democratic","Female District Leader","84",1,"Public Counter",101
"AD","ED","County","EDAD Status","Event","Party/Independent Body","Office/Position Title","District Key","VoteFor","Unit Name","Tally","84","057","Bronx","IN-PLAY","Primary Election 2020 - 06/23/2020","Democratic","Female District Leader","84",1,"Manually Counted Emergency",0
"AD","ED","County","EDAD Status","Event","Party/Independent Body","Office/Position Title","District Key","VoteFor","Unit Name","Tally","84","057","Bronx","IN-PLAY","Primary Election 2020 - 06/23/2020","Democratic","Female District Leader","84",1,"Absentee / Military",49
"AD","ED","County","EDAD Status","Event","Party/Independent Body","Office/Position Title","District Key","VoteFor","Unit Name","Tally","84","057","Bronx","IN-PLAY","Primary Election 2020 - 06/23/2020","Democratic","Female District Leader","84",1,"Federal",0
"AD","ED","County","EDAD Status","Event","Party/Independent Body","Office/Position Title","District Key","VoteFor","Unit Name","Tally","84","057","Bronx","IN-PLAY","Primary Election 2020 - 06/23/2020","Democratic","Female District Leader","84",1,"Affidavit",3
"AD","ED","County","EDAD Status","Event","Party/Independent Body","Office/Position Title","District Key","VoteFor","Unit Name","Tally","84","057","Bronx","IN-PLAY","Primary Election 2020 - 06/23/2020","Democratic","Female District Leader","84",1,"Yolanda Garcia",95
"AD","ED","County","EDAD Status","Event","Party/Independent Body","Office/Position Title","District Key","VoteFor","Unit Name","Tally","84","057","Bronx","IN-PLAY","Primary Election 2020 - 06/23/2020","Democratic","Female District Leader","84",1,"Adela Maria Lopez",49
"AD","ED","County","EDAD Status","Event","Party/Independent Body","Office/Position Title","District Key","VoteFor","Unit Name","Tally","84","058","Bronx","IN-PLAY","Primary Election 2020 - 06/23/2020","Democratic","Female District Leader","84",1,"Public Counter",104
"AD","ED","County","EDAD Status","Event","Party/Independent Body","Office/Position Title","District Key","VoteFor","Unit Name","Tally","84","058","Bronx","IN-PLAY","Primary Election 2020 - 06/23/2020","Democratic","Female District Leader","84",1,"Manually Counted Emergency",0
"AD","ED","County","EDAD Status","Event","Party/Independent Body","Office/Position Title","District Key","VoteFor","Unit Name","Tally","84","058","Bronx","IN-PLAY","Primary Election 2020 - 06/23/2020","Democratic","Female District Leader","84",1,"Absentee / Military",47
"AD","ED","County","EDAD Status","Event","Party/Independent Body","Office/Position Title","District Key","VoteFor","Unit Name","Tally","84","058","Bronx","IN-PLAY","Primary Election 2020 - 06/23/2020","Democratic","Female District Leader","84",1,"Federal",0
"AD","ED","County","EDAD Status","Event","Party/Independent Body","Office/Position Title","District Key","VoteFor","Unit Name","Tally","84","058","Bronx","IN-PLAY","Primary Election 2020 - 06/23/2020","Democratic","Female District Leader","84",1,"Affidavit",4
"AD","ED","County","EDAD Status","Event","Party/Independent Body","Office/Position Title","District Key","VoteFor","Unit Name","Tally","84","058","Bronx","IN-PLAY","Primary Election 2020 - 06/23/2020","Democratic","Female District Leader","84",1,"Yolanda Garcia",88
"AD","ED","County","EDAD Status","Event","Party/Independent Body","Office/Position Title","District Key","VoteFor","Unit Name","Tally","84","058","Bronx","IN-PLAY","Primary Election 2020 - 06/23/2020","Democratic","Female District Leader","84",1,"Adela Maria Lopez",41
"AD","ED","County","EDAD Status","Event","Party/Independent Body","Office/Position Title","District Key","VoteFor","Unit Name","Tally","84","058","Bronx","IN-PLAY","Primary Election 2020 - 06/23/2020","Democratic","Female District Leader","84",1,"Scattered",1
"AD","ED","County","EDAD Status","Event","Party/Independent Body","Office/Position Title","District Key","VoteFor","Unit Name","Tally","84","059","Bronx","IN-PLAY","Primary Election 2020 - 06/23/2020","Democratic","Female District Leader","84",1,"Public Counter",109
"AD","ED","County","EDAD Status","Event","Party/Independent Body","Office/Position Title","District Key","VoteFor","Unit Name","Tally","84","059","Bronx","IN-PLAY","Primary Election 2020 - 06/23/2020","Democratic","Female District Leader","84",1,"Manually Counted Emergency",0
"AD","ED","County","EDAD Status","Event","Party/Independent Body","Office/Position Title","District Key","VoteFor","Unit Name","Tally","84","059","Bronx","IN-PLAY","Primary Election 2020 - 06/23/2020","Democratic","Female District Leader","84",1,"Absentee / Military",24
"AD","ED","County","EDAD Status","Event","Party/Independent Body","Office/Position Title","District Key","VoteFor","Unit Name","Tally","84","059","Bronx","IN-PLAY","Primary Election 2020 - 06/23/2020","Democratic","Female District Leader","84",1,"Federal",0
"AD","ED","County","EDAD Status","Event","Party/Independent Body","Office/Position Title","District Key","VoteFor","Unit Name","Tally","84","059","Bronx","IN-PLAY","Primary Election 2020 - 06/23/2020","Democratic","Female District Leader","84",1,"Affidavit",3
"AD","ED","County","EDAD Status","Event","Party/Independent Body","Office/Position Title","District Key","VoteFor","Unit Name","Tally","84","059","Bronx","IN-PLAY","Primary Election 2020 - 06/23/2020","Democratic","Female District Leader","84",1,"Yolanda Garcia",88
"AD","ED","County","EDAD Status","Event","Party/Independent Body","Office/Position Title","District Key","VoteFor","Unit Name","Tally","84","059","Bronx","IN-PLAY","Primary Election 2020 - 06/23/2020","Democratic","Female District Leader","84",1,"Adela Maria Lopez",27
"AD","ED","County","EDAD Status","Event","Party/Independent Body","Office/Position Title","District Key","VoteFor","Unit Name","Tally","84","059","Bronx","IN-PLAY","Primary Election 2020 - 06/23/2020","Democratic","Female District Leader","84",1,"Scattered",1
"AD","ED","County","EDAD Status","Event","Party/Independent Body","Office/Position Title","District Key","VoteFor","Unit Name","Tally","84","060","Bronx","IN-PLAY","Primary Election 2020 - 06/23/2020","Democratic","Female District Leader","84",1,"Public Counter",78
"AD","ED","County","EDAD Status","Event","Party/Independent Body","Office/Position Title","District Key","VoteFor","Unit Name","Tally","84","060","Bronx","IN-PLAY","Primary Election 2020 - 06/23/2020","Democratic","Female District Leader","84",1,"Manually Counted Emergency",0
"AD","ED","County","EDAD Status","Event","Party/Independent Body","Office/Position Title","District Key","VoteFor","Unit Name","Tally","84","060","Bronx","IN-PLAY","Primary Election 2020 - 06/23/2020","Democratic","Female District Leader","84",1,"Absentee / Military",23
"AD","ED","County","EDAD Status","Event","Party/Independent Body","Office/Position Title","District Key","VoteFor","Unit Name","Tally","84","060","Bronx","IN-PLAY","Primary Election 2020 - 06/23/2020","Democratic","Female District Leader","84",1,"Federal",0
"AD","ED","County","EDAD Status","Event","Party/Independent Body","Office/Position Title","District Key","VoteFor","Unit Name","Tally","84","060","Bronx","IN-PLAY","Primary Election 2020 - 06/23/2020","Democratic","Female District Leader","84",1,"Affidavit",2
"AD","ED","County","EDAD Status","Event","Party/Independent Body","Office/Position Title","District Key","VoteFor","Unit Name","Tally","84","060","Bronx","IN-PLAY","Primary Election 2020 - 06/23/2020","Democratic","Female District Leader","84",1,"Yolanda Garcia",60
"AD","ED","County","EDAD Status","Event","Party/Independent Body","Office/Position Title","District Key","VoteFor","Unit Name","Tally","84","060","Bronx","IN-PLAY","Primary Election 2020 - 06/23/2020","Democratic","Female District Leader","84",1,"Adela Maria Lopez",24
"AD","ED","County","EDAD Status","Event","Party/Independent Body","Office/Position Title","District Key","VoteFor","Unit Name","Tally","84","061","Bronx","IN-PLAY","Primary Election 2020 - 06/23/2020","Democratic","Female District Leader","84",1,"Public Counter",117
"AD","ED","County","EDAD Status","Event","Party/Independent Body","Office/Position Title","District Key","VoteFor","Unit Name","Tally","84","061","Bronx","IN-PLAY","Primary Election 2020 - 06/23/2020","Democratic","Female District Leader","84",1,"Manually Counted Emergency",0
"AD","ED","County","EDAD Status","Event","Party/Independent Body","Office/Position Title","District Key","VoteFor","Unit Name","Tally","84","061","Bronx","IN-PLAY","Primary Election 2020 - 06/23/2020","Democratic","Female District Leader","84",1,"Absentee / Military",35
"AD","ED","County","EDAD Status","Event","Party/Independent Body","Office/Position Title","District Key","VoteFor","Unit Name","Tally","84","061","Bronx","IN-PLAY","Primary Election 2020 - 06/23/2020","Democratic","Female District Leader","84",1,"Federal",0
"AD","ED","County","EDAD Status","Event","Party/Independent Body","Office/Position Title","District Key","VoteFor","Unit Name","Tally","84","061","Bronx","IN-PLAY","Primary Election 2020 - 06/23/2020","Democratic","Female District Leader","84",1,"Affidavit",1
"AD","ED","County","EDAD Status","Event","Party/Independent Body","Office/Position Title","District Key","VoteFor","Unit Name","Tally","84","061","Bronx","IN-PLAY","Primary Election 2020 - 06/23/2020","Democratic","Female District Leader","84",1,"Yolanda Garcia",81
"AD","ED","County","EDAD Status","Event","Party/Independent Body","Office/Position Title","District Key","VoteFor","Unit Name","Tally","84","061","Bronx","IN-PLAY","Primary Election 2020 - 06/23/2020","Democratic","Female District Leader","84",1,"Adela Maria Lopez",44
"AD","ED","County","EDAD Status","Event","Party/Independent Body","Office/Position Title","District Key","VoteFor","Unit Name","Tally","84","062","Bronx","IN-PLAY","Primary Election 2020 - 06/23/2020","Democratic","Female District Leader","84",1,"Public Counter",86
"AD","ED","County","EDAD Status","Event","Party/Independent Body","Office/Position Title","District Key","VoteFor","Unit Name","Tally","84","062","Bronx","IN-PLAY","Primary Election 2020 - 06/23/2020","Democratic","Female District Leader","84",1,"Manually Counted Emergency",0
"AD","ED","County","EDAD Status","Event","Party/Independent Body","Office/Position Title","District Key","VoteFor","Unit Name","Tally","84","062","Bronx","IN-PLAY","Primary Election 2020 - 06/23/2020","Democratic","Female District Leader","84",1,"Absentee / Military",24
"AD","ED","County","EDAD Status","Event","Party/Independent Body","Office/Position Title","District Key","VoteFor","Unit Name","Tally","84","062","Bronx","IN-PLAY","Primary Election 2020 - 06/23/2020","Democratic","Female District Leader","84",1,"Federal",0
"AD","ED","County","EDAD Status","Event","Party/Independent Body","Office/Position Title","District Key","VoteFor","Unit Name","Tally","84","062","Bronx","IN-PLAY","Primary Election 2020 - 06/23/2020","Democratic","Female District Leader","84",1,"Affidavit",0
"AD","ED","County","EDAD Status","Event","Party/Independent Body","Office/Position Title","District Key","VoteFor","Unit Name","Tally","84","062","Bronx","IN-PLAY","Primary Election 2020 - 06/23/2020","Democratic","Female District Leader","84",1,"Yolanda Garcia",63
"AD","ED","County","EDAD Status","Event","Party/Independent Body","Office/Position Title","District Key","VoteFor","Unit Name","Tally","84","062","Bronx","IN-PLAY","Primary Election 2020 - 06/23/2020","Democratic","Female District Leader","84",1,"Adela Maria Lopez",30
"AD","ED","County","EDAD Status","Event","Party/Independent Body","Office/Position Title","District Key","VoteFor","Unit Name","Tally","84","063","Bronx","IN-PLAY","Primary Election 2020 - 06/23/2020","Democratic","Female District Leader","84",1,"Public Counter",97
"AD","ED","County","EDAD Status","Event","Party/Independent Body","Office/Position Title","District Key","VoteFor","Unit Name","Tally","84","063","Bronx","IN-PLAY","Primary Election 2020 - 06/23/2020","Democratic","Female District Leader","84",1,"Manually Counted Emergency",0
"AD","ED","County","EDAD Status","Event","Party/Independent Body","Office/Position Title","District Key","VoteFor","Unit Name","Tally","84","063","Bronx","IN-PLAY","Primary Election 2020 - 06/23/2020","Democratic","Female District Leader","84",1,"Absentee / Military",16
"AD","ED","County","EDAD Status","Event","Party/Independent Body","Office/Position Title","District Key","VoteFor","Unit Name","Tally","84","063","Bronx","IN-PLAY","Primary Election 2020 - 06/23/2020","Democratic","Female District Leader","84",1,"Federal",0
"AD","ED","County","EDAD Status","Event","Party/Independent Body","Office/Position Title","District Key","VoteFor","Unit Name","Tally","84","063","Bronx","IN-PLAY","Primary Election 2020 - 06/23/2020","Democratic","Female District Leader","84",1,"Affidavit",3
"AD","ED","County","EDAD Status","Event","Party/Independent Body","Office/Position Title","District Key","VoteFor","Unit Name","Tally","84","063","Bronx","IN-PLAY","Primary Election 2020 - 06/23/2020","Democratic","Female District Leader","84",1,"Yolanda Garcia",72
"AD","ED","County","EDAD Status","Event","Party/Independent Body","Office/Position Title","District Key","VoteFor","Unit Name","Tally","84","063","Bronx","IN-PLAY","Primary Election 2020 - 06/23/2020","Democratic","Female District Leader","84",1,"Adela Maria Lopez",27
"AD","ED","County","EDAD Status","Event","Party/Independent Body","Office/Position Title","District Key","VoteFor","Unit Name","Tally","84","064","Bronx","IN-PLAY","Primary Election 2020 - 06/23/2020","Democratic","Female District Leader","84",1,"Public Counter",78
"AD","ED","County","EDAD Status","Event","Party/Independent Body","Office/Position Title","District Key","VoteFor","Unit Name","Tally","84","064","Bronx","IN-PLAY","Primary Election 2020 - 06/23/2020","Democratic","Female District Leader","84",1,"Manually Counted Emergency",23
"AD","ED","County","EDAD Status","Event","Party/Independent Body","Office/Position Title","District Key","VoteFor","Unit Name","Tally","84","064","Bronx","IN-PLAY","Primary Election 2020 - 06/23/2020","Democratic","Female District Leader","84",1,"Absentee / Military",53
"AD","ED","County","EDAD Status","Event","Party/Independent Body","Office/Position Title","District Key","VoteFor","Unit Name","Tally","84","064","Bronx","IN-PLAY","Primary Election 2020 - 06/23/2020","Democratic","Female District Leader","84",1,"Federal",0
"AD","ED","County","EDAD Status","Event","Party/Independent Body","Office/Position Title","District Key","VoteFor","Unit Name","Tally","84","064","Bronx","IN-PLAY","Primary Election 2020 - 06/23/2020","Democratic","Female District Leader","84",1,"Affidavit",4
"AD","ED","County","EDAD Status","Event","Party/Independent Body","Office/Position Title","District Key","VoteFor","Unit Name","Tally","84","064","Bronx","IN-PLAY","Primary Election 2020 - 06/23/2020","Democratic","Female District Leader","84",1,"Yolanda Garcia",99
"AD","ED","County","EDAD Status","Event","Party/Independent Body","Office/Position Title","District Key","VoteFor","Unit Name","Tally","84","064","Bronx","IN-PLAY","Primary Election 2020 - 06/23/2020","Democratic","Female District Leader","84",1,"Adela Maria Lopez",33
"AD","ED","County","EDAD Status","Event","Party/Independent Body","Office/Position Title","District Key","VoteFor","Unit Name","Tally","84","065","Bronx","IN-PLAY","Primary Election 2020 - 06/23/2020","Democratic","Female District Leader","84",1,"Public Counter",57
"AD","ED","County","EDAD Status","Event","Party/Independent Body","Office/Position Title","District Key","VoteFor","Unit Name","Tally","84","065","Bronx","IN-PLAY","Primary Election 2020 - 06/23/2020","Democratic","Female District Leader","84",1,"Manually Counted Emergency",13
"AD","ED","County","EDAD Status","Event","Party/Independent Body","Office/Position Title","District Key","VoteFor","Unit Name","Tally","84","065","Bronx","IN-PLAY","Primary Election 2020 - 06/23/2020","Democratic","Female District Leader","84",1,"Absentee / Military",17
"AD","ED","County","EDAD Status","Event","Party/Independent Body","Office/Position Title","District Key","VoteFor","Unit Name","Tally","84","065","Bronx","IN-PLAY","Primary Election 2020 - 06/23/2020","Democratic","Female District Leader","84",1,"Federal",0
"AD","ED","County","EDAD Status","Event","Party/Independent Body","Office/Position Title","District Key","VoteFor","Unit Name","Tally","84","065","Bronx","IN-PLAY","Primary Election 2020 - 06/23/2020","Democratic","Female District Leader","84",1,"Affidavit",4
"AD","ED","County","EDAD Status","Event","Party/Independent Body","Office/Position Title","District Key","VoteFor","Unit Name","Tally","84","065","Bronx","IN-PLAY","Primary Election 2020 - 06/23/2020","Democratic","Female District Leader","84",1,"Yolanda Garcia",53
"AD","ED","County","EDAD Status","Event","Party/Independent Body","Office/Position Title","District Key","VoteFor","Unit Name","Tally","84","065","Bronx","IN-PLAY","Primary Election 2020 - 06/23/2020","Democratic","Female District Leader","84",1,"Adela Maria Lopez",24
"AD","ED","County","EDAD Status","Event","Party/Independent Body","Office/Position Title","District Key","VoteFor","Unit Name","Tally","84","066","Bronx","IN-PLAY","Primary Election 2020 - 06/23/2020","Democratic","Female District Leader","84",1,"Public Counter",94
"AD","ED","County","EDAD Status","Event","Party/Independent Body","Office/Position Title","District Key","VoteFor","Unit Name","Tally","84","066","Bronx","IN-PLAY","Primary Election 2020 - 06/23/2020","Democratic","Female District Leader","84",1,"Manually Counted Emergency",11
"AD","ED","County","EDAD Status","Event","Party/Independent Body","Office/Position Title","District Key","VoteFor","Unit Name","Tally","84","066","Bronx","IN-PLAY","Primary Election 2020 - 06/23/2020","Democratic","Female District Leader","84",1,"Absentee / Military",30
"AD","ED","County","EDAD Status","Event","Party/Independent Body","Office/Position Title","District Key","VoteFor","Unit Name","Tally","84","066","Bronx","IN-PLAY","Primary Election 2020 - 06/23/2020","Democratic","Female District Leader","84",1,"Federal",0
"AD","ED","County","EDAD Status","Event","Party/Independent Body","Office/Position Title","District Key","VoteFor","Unit Name","Tally","84","066","Bronx","IN-PLAY","Primary Election 2020 - 06/23/2020","Democratic","Female District Leader","84",1,"Affidavit",2
"AD","ED","County","EDAD Status","Event","Party/Independent Body","Office/Position Title","District Key","VoteFor","Unit Name","Tally","84","066","Bronx","IN-PLAY","Primary Election 2020 - 06/23/2020","Democratic","Female District Leader","84",1,"Yolanda Garcia",79
"AD","ED","County","EDAD Status","Event","Party/Independent Body","Office/Position Title","District Key","VoteFor","Unit Name","Tally","84","066","Bronx","IN-PLAY","Primary Election 2020 - 06/23/2020","Democratic","Female District Leader","84",1,"Adela Maria Lopez",41
"AD","ED","County","EDAD Status","Event","Party/Independent Body","Office/Position Title","District Key","VoteFor","Unit Name","Tally","84","067","Bronx","IN-PLAY","Primary Election 2020 - 06/23/2020","Democratic","Female District Leader","84",1,"Public Counter",131
"AD","ED","County","EDAD Status","Event","Party/Independent Body","Office/Position Title","District Key","VoteFor","Unit Name","Tally","84","067","Bronx","IN-PLAY","Primary Election 2020 - 06/23/2020","Democratic","Female District Leader","84",1,"Manually Counted Emergency",12
"AD","ED","County","EDAD Status","Event","Party/Independent Body","Office/Position Title","District Key","VoteFor","Unit Name","Tally","84","067","Bronx","IN-PLAY","Primary Election 2020 - 06/23/2020","Democratic","Female District Leader","84",1,"Absentee / Military",29
"AD","ED","County","EDAD Status","Event","Party/Independent Body","Office/Position Title","District Key","VoteFor","Unit Name","Tally","84","067","Bronx","IN-PLAY","Primary Election 2020 - 06/23/2020","Democratic","Female District Leader","84",1,"Federal",0
"AD","ED","County","EDAD Status","Event","Party/Independent Body","Office/Position Title","District Key","VoteFor","Unit Name","Tally","84","067","Bronx","IN-PLAY","Primary Election 2020 - 06/23/2020","Democratic","Female District Leader","84",1,"Affidavit",2
"AD","ED","County","EDAD Status","Event","Party/Independent Body","Office/Position Title","District Key","VoteFor","Unit Name","Tally","84","067","Bronx","IN-PLAY","Primary Election 2020 - 06/23/2020","Democratic","Female District Leader","84",1,"Yolanda Garcia",102
"AD","ED","County","EDAD Status","Event","Party/Independent Body","Office/Position Title","District Key","VoteFor","Unit Name","Tally","84","067","Bronx","IN-PLAY","Primary Election 2020 - 06/23/2020","Democratic","Female District Leader","84",1,"Adela Maria Lopez",52
"AD","ED","County","EDAD Status","Event","Party/Independent Body","Office/Position Title","District Key","VoteFor","Unit Name","Tally","84","068","Bronx","IN-PLAY","Primary Election 2020 - 06/23/2020","Democratic","Female District Leader","84",1,"Public Counter",86
"AD","ED","County","EDAD Status","Event","Party/Independent Body","Office/Position Title","District Key","VoteFor","Unit Name","Tally","84","068","Bronx","IN-PLAY","Primary Election 2020 - 06/23/2020","Democratic","Female District Leader","84",1,"Manually Counted Emergency",12
"AD","ED","County","EDAD Status","Event","Party/Independent Body","Office/Position Title","District Key","VoteFor","Unit Name","Tally","84","068","Bronx","IN-PLAY","Primary Election 2020 - 06/23/2020","Democratic","Female District Leader","84",1,"Absentee / Military",17
"AD","ED","County","EDAD Status","Event","Party/Independent Body","Office/Position Title","District Key","VoteFor","Unit Name","Tally","84","068","Bronx","IN-PLAY","Primary Election 2020 - 06/23/2020","Democratic","Female District Leader","84",1,"Federal",0
"AD","ED","County","EDAD Status","Event","Party/Independent Body","Office/Position Title","District Key","VoteFor","Unit Name","Tally","84","068","Bronx","IN-PLAY","Primary Election 2020 - 06/23/2020","Democratic","Female District Leader","84",1,"Affidavit",5
"AD","ED","County","EDAD Status","Event","Party/Independent Body","Office/Position Title","District Key","VoteFor","Unit Name","Tally","84","068","Bronx","IN-PLAY","Primary Election 2020 - 06/23/2020","Democratic","Female District Leader","84",1,"Yolanda Garcia",49
"AD","ED","County","EDAD Status","Event","Party/Independent Body","Office/Position Title","District Key","VoteFor","Unit Name","Tally","84","068","Bronx","IN-PLAY","Primary Election 2020 - 06/23/2020","Democratic","Female District Leader","84",1,"Adela Maria Lopez",22
"AD","ED","County","EDAD Status","Event","Party/Independent Body","Office/Position Title","District Key","VoteFor","Unit Name","Tally","84","069","Bronx","IN-PLAY","Primary Election 2020 - 06/23/2020","Democratic","Female District Leader","84",1,"Public Counter",50
"AD","ED","County","EDAD Status","Event","Party/Independent Body","Office/Position Title","District Key","VoteFor","Unit Name","Tally","84","069","Bronx","IN-PLAY","Primary Election 2020 - 06/23/2020","Democratic","Female District Leader","84",1,"Manually Counted Emergency",0
"AD","ED","County","EDAD Status","Event","Party/Independent Body","Office/Position Title","District Key","VoteFor","Unit Name","Tally","84","069","Bronx","IN-PLAY","Primary Election 2020 - 06/23/2020","Democratic","Female District Leader","84",1,"Absentee / Military",26
"AD","ED","County","EDAD Status","Event","Party/Independent Body","Office/Position Title","District Key","VoteFor","Unit Name","Tally","84","069","Bronx","IN-PLAY","Primary Election 2020 - 06/23/2020","Democratic","Female District Leader","84",1,"Federal",0
"AD","ED","County","EDAD Status","Event","Party/Independent Body","Office/Position Title","District Key","VoteFor","Unit Name","Tally","84","069","Bronx","IN-PLAY","Primary Election 2020 - 06/23/2020","Democratic","Female District Leader","84",1,"Affidavit",3
"AD","ED","County","EDAD Status","Event","Party/Independent Body","Office/Position Title","District Key","VoteFor","Unit Name","Tally","84","069","Bronx","IN-PLAY","Primary Election 2020 - 06/23/2020","Democratic","Female District Leader","84",1,"Yolanda Garcia",43
"AD","ED","County","EDAD Status","Event","Party/Independent Body","Office/Position Title","District Key","VoteFor","Unit Name","Tally","84","069","Bronx","IN-PLAY","Primary Election 2020 - 06/23/2020","Democratic","Female District Leader","84",1,"Adela Maria Lopez",22
"AD","ED","County","EDAD Status","Event","Party/Independent Body","Office/Position Title","District Key","VoteFor","Unit Name","Tally","84","070","Bronx","IN-PLAY","Primary Election 2020 - 06/23/2020","Democratic","Female District Leader","84",1,"Public Counter",6
"AD","ED","County","EDAD Status","Event","Party/Independent Body","Office/Position Title","District Key","VoteFor","Unit Name","Tally","84","070","Bronx","IN-PLAY","Primary Election 2020 - 06/23/2020","Democratic","Female District Leader","84",1,"Manually Counted Emergency",0
"AD","ED","County","EDAD Status","Event","Party/Independent Body","Office/Position Title","District Key","VoteFor","Unit Name","Tally","84","070","Bronx","IN-PLAY","Primary Election 2020 - 06/23/2020","Democratic","Female District Leader","84",1,"Absentee / Military",35
"AD","ED","County","EDAD Status","Event","Party/Independent Body","Office/Position Title","District Key","VoteFor","Unit Name","Tally","84","070","Bronx","IN-PLAY","Primary Election 2020 - 06/23/2020","Democratic","Female District Leader","84",1,"Federal",0
"AD","ED","County","EDAD Status","Event","Party/Independent Body","Office/Position Title","District Key","VoteFor","Unit Name","Tally","84","070","Bronx","IN-PLAY","Primary Election 2020 - 06/23/2020","Democratic","Female District Leader","84",1,"Affidavit",3
"AD","ED","County","EDAD Status","Event","Party/Independent Body","Office/Position Title","District Key","VoteFor","Unit Name","Tally","84","070","Bronx","IN-PLAY","Primary Election 2020 - 06/23/2020","Democratic","Female District Leader","84",1,"Yolanda Garcia",27
"AD","ED","County","EDAD Status","Event","Party/Independent Body","Office/Position Title","District Key","VoteFor","Unit Name","Tally","84","070","Bronx","IN-PLAY","Primary Election 2020 - 06/23/2020","Democratic","Female District Leader","84",1,"Adela Maria Lopez",9
"AD","ED","County","EDAD Status","Event","Party/Independent Body","Office/Position Title","District Key","VoteFor","Unit Name","Tally","84","071","Bronx","IN-PLAY","Primary Election 2020 - 06/23/2020","Democratic","Female District Leader","84",1,"Public Counter",220
"AD","ED","County","EDAD Status","Event","Party/Independent Body","Office/Position Title","District Key","VoteFor","Unit Name","Tally","84","071","Bronx","IN-PLAY","Primary Election 2020 - 06/23/2020","Democratic","Female District Leader","84",1,"Manually Counted Emergency",0
"AD","ED","County","EDAD Status","Event","Party/Independent Body","Office/Position Title","District Key","VoteFor","Unit Name","Tally","84","071","Bronx","IN-PLAY","Primary Election 2020 - 06/23/2020","Democratic","Female District Leader","84",1,"Absentee / Military",33
"AD","ED","County","EDAD Status","Event","Party/Independent Body","Office/Position Title","District Key","VoteFor","Unit Name","Tally","84","071","Bronx","IN-PLAY","Primary Election 2020 - 06/23/2020","Democratic","Female District Leader","84",1,"Federal",0
"AD","ED","County","EDAD Status","Event","Party/Independent Body","Office/Position Title","District Key","VoteFor","Unit Name","Tally","84","071","Bronx","IN-PLAY","Primary Election 2020 - 06/23/2020","Democratic","Female District Leader","84",1,"Affidavit",15
"AD","ED","County","EDAD Status","Event","Party/Independent Body","Office/Position Title","District Key","VoteFor","Unit Name","Tally","84","071","Bronx","IN-PLAY","Primary Election 2020 - 06/23/2020","Democratic","Female District Leader","84",1,"Yolanda Garcia",156
"AD","ED","County","EDAD Status","Event","Party/Independent Body","Office/Position Title","District Key","VoteFor","Unit Name","Tally","84","071","Bronx","IN-PLAY","Primary Election 2020 - 06/23/2020","Democratic","Female District Leader","84",1,"Adela Maria Lopez",63
"AD","ED","County","EDAD Status","Event","Party/Independent Body","Office/Position Title","District Key","VoteFor","Unit Name","Tally","84","072","Bronx","IN-PLAY","Primary Election 2020 - 06/23/2020","Democratic","Female District Leader","84",1,"Public Counter",154
"AD","ED","County","EDAD Status","Event","Party/Independent Body","Office/Position Title","District Key","VoteFor","Unit Name","Tally","84","072","Bronx","IN-PLAY","Primary Election 2020 - 06/23/2020","Democratic","Female District Leader","84",1,"Manually Counted Emergency",0
"AD","ED","County","EDAD Status","Event","Party/Independent Body","Office/Position Title","District Key","VoteFor","Unit Name","Tally","84","072","Bronx","IN-PLAY","Primary Election 2020 - 06/23/2020","Democratic","Female District Leader","84",1,"Absentee / Military",15
"AD","ED","County","EDAD Status","Event","Party/Independent Body","Office/Position Title","District Key","VoteFor","Unit Name","Tally","84","072","Bronx","IN-PLAY","Primary Election 2020 - 06/23/2020","Democratic","Female District Leader","84",1,"Federal",0
"AD","ED","County","EDAD Status","Event","Party/Independent Body","Office/Position Title","District Key","VoteFor","Unit Name","Tally","84","072","Bronx","IN-PLAY","Primary Election 2020 - 06/23/2020","Democratic","Female District Leader","84",1,"Affidavit",4
"AD","ED","County","EDAD Status","Event","Party/Independent Body","Office/Position Title","District Key","VoteFor","Unit Name","Tally","84","072","Bronx","IN-PLAY","Primary Election 2020 - 06/23/2020","Democratic","Female District Leader","84",1,"Yolanda Garcia",107
"AD","ED","County","EDAD Status","Event","Party/Independent Body","Office/Position Title","District Key","VoteFor","Unit Name","Tally","84","072","Bronx","IN-PLAY","Primary Election 2020 - 06/23/2020","Democratic","Female District Leader","84",1,"Adela Maria Lopez",41
"AD","ED","County","EDAD Status","Event","Party/Independent Body","Office/Position Title","District Key","VoteFor","Unit Name","Tally","84","072","Bronx","IN-PLAY","Primary Election 2020 - 06/23/2020","Democratic","Female District Leader","84",1,"Scattered",1
"AD","ED","County","EDAD Status","Event","Party/Independent Body","Office/Position Title","District Key","VoteFor","Unit Name","Tally","84","073","Bronx","IN-PLAY","Primary Election 2020 - 06/23/2020","Democratic","Female District Leader","84",1,"Public Counter",34
"AD","ED","County","EDAD Status","Event","Party/Independent Body","Office/Position Title","District Key","VoteFor","Unit Name","Tally","84","073","Bronx","IN-PLAY","Primary Election 2020 - 06/23/2020","Democratic","Female District Leader","84",1,"Manually Counted Emergency",0
"AD","ED","County","EDAD Status","Event","Party/Independent Body","Office/Position Title","District Key","VoteFor","Unit Name","Tally","84","073","Bronx","IN-PLAY","Primary Election 2020 - 06/23/2020","Democratic","Female District Leader","84",1,"Absentee / Military",12
"AD","ED","County","EDAD Status","Event","Party/Independent Body","Office/Position Title","District Key","VoteFor","Unit Name","Tally","84","073","Bronx","IN-PLAY","Primary Election 2020 - 06/23/2020","Democratic","Female District Leader","84",1,"Federal",0
"AD","ED","County","EDAD Status","Event","Party/Independent Body","Office/Position Title","District Key","VoteFor","Unit Name","Tally","84","073","Bronx","IN-PLAY","Primary Election 2020 - 06/23/2020","Democratic","Female District Leader","84",1,"Affidavit",1
"AD","ED","County","EDAD Status","Event","Party/Independent Body","Office/Position Title","District Key","VoteFor","Unit Name","Tally","84","073","Bronx","IN-PLAY","Primary Election 2020 - 06/23/2020","Democratic","Female District Leader","84",1,"Yolanda Garcia",29
"AD","ED","County","EDAD Status","Event","Party/Independent Body","Office/Position Title","District Key","VoteFor","Unit Name","Tally","84","073","Bronx","IN-PLAY","Primary Election 2020 - 06/23/2020","Democratic","Female District Leader","84",1,"Adela Maria Lopez",14
"AD","ED","County","EDAD Status","Event","Party/Independent Body","Office/Position Title","District Key","VoteFor","Unit Name","Tally","84","074","Bronx","IN-PLAY","Primary Election 2020 - 06/23/2020","Democratic","Female District Leader","84",1,"Public Counter",118
"AD","ED","County","EDAD Status","Event","Party/Independent Body","Office/Position Title","District Key","VoteFor","Unit Name","Tally","84","074","Bronx","IN-PLAY","Primary Election 2020 - 06/23/2020","Democratic","Female District Leader","84",1,"Manually Counted Emergency",0
"AD","ED","County","EDAD Status","Event","Party/Independent Body","Office/Position Title","District Key","VoteFor","Unit Name","Tally","84","074","Bronx","IN-PLAY","Primary Election 2020 - 06/23/2020","Democratic","Female District Leader","84",1,"Absentee / Military",45
"AD","ED","County","EDAD Status","Event","Party/Independent Body","Office/Position Title","District Key","VoteFor","Unit Name","Tally","84","074","Bronx","IN-PLAY","Primary Election 2020 - 06/23/2020","Democratic","Female District Leader","84",1,"Federal",0
"AD","ED","County","EDAD Status","Event","Party/Independent Body","Office/Position Title","District Key","VoteFor","Unit Name","Tally","84","074","Bronx","IN-PLAY","Primary Election 2020 - 06/23/2020","Democratic","Female District Leader","84",1,"Affidavit",4
"AD","ED","County","EDAD Status","Event","Party/Independent Body","Office/Position Title","District Key","VoteFor","Unit Name","Tally","84","074","Bronx","IN-PLAY","Primary Election 2020 - 06/23/2020","Democratic","Female District Leader","84",1,"Yolanda Garcia",108
"AD","ED","County","EDAD Status","Event","Party/Independent Body","Office/Position Title","District Key","VoteFor","Unit Name","Tally","84","074","Bronx","IN-PLAY","Primary Election 2020 - 06/23/2020","Democratic","Female District Leader","84",1,"Adela Maria Lopez",41
"AD","ED","County","EDAD Status","Event","Party/Independent Body","Office/Position Title","District Key","VoteFor","Unit Name","Tally","84","074","Bronx","IN-PLAY","Primary Election 2020 - 06/23/2020","Democratic","Female District Leader","84",1,"Scattered",3
"AD","ED","County","EDAD Status","Event","Party/Independent Body","Office/Position Title","District Key","VoteFor","Unit Name","Tally","84","075","Bronx","IN-PLAY","Primary Election 2020 - 06/23/2020","Democratic","Female District Leader","84",1,"Public Counter",109
"AD","ED","County","EDAD Status","Event","Party/Independent Body","Office/Position Title","District Key","VoteFor","Unit Name","Tally","84","075","Bronx","IN-PLAY","Primary Election 2020 - 06/23/2020","Democratic","Female District Leader","84",1,"Manually Counted Emergency",0
"AD","ED","County","EDAD Status","Event","Party/Independent Body","Office/Position Title","District Key","VoteFor","Unit Name","Tally","84","075","Bronx","IN-PLAY","Primary Election 2020 - 06/23/2020","Democratic","Female District Leader","84",1,"Absentee / Military",28
"AD","ED","County","EDAD Status","Event","Party/Independent Body","Office/Position Title","District Key","VoteFor","Unit Name","Tally","84","075","Bronx","IN-PLAY","Primary Election 2020 - 06/23/2020","Democratic","Female District Leader","84",1,"Federal",0
"AD","ED","County","EDAD Status","Event","Party/Independent Body","Office/Position Title","District Key","VoteFor","Unit Name","Tally","84","075","Bronx","IN-PLAY","Primary Election 2020 - 06/23/2020","Democratic","Female District Leader","84",1,"Affidavit",2
"AD","ED","County","EDAD Status","Event","Party/Independent Body","Office/Position Title","District Key","VoteFor","Unit Name","Tally","84","075","Bronx","IN-PLAY","Primary Election 2020 - 06/23/2020","Democratic","Female District Leader","84",1,"Yolanda Garcia",78
"AD","ED","County","EDAD Status","Event","Party/Independent Body","Office/Position Title","District Key","VoteFor","Unit Name","Tally","84","075","Bronx","IN-PLAY","Primary Election 2020 - 06/23/2020","Democratic","Female District Leader","84",1,"Adela Maria Lopez",37
"AD","ED","County","EDAD Status","Event","Party/Independent Body","Office/Position Title","District Key","VoteFor","Unit Name","Tally","84","076","Bronx","IN-PLAY","Primary Election 2020 - 06/23/2020","Democratic","Female District Leader","84",1,"Public Counter",16
"AD","ED","County","EDAD Status","Event","Party/Independent Body","Office/Position Title","District Key","VoteFor","Unit Name","Tally","84","076","Bronx","IN-PLAY","Primary Election 2020 - 06/23/2020","Democratic","Female District Leader","84",1,"Manually Counted Emergency",0
"AD","ED","County","EDAD Status","Event","Party/Independent Body","Office/Position Title","District Key","VoteFor","Unit Name","Tally","84","076","Bronx","IN-PLAY","Primary Election 2020 - 06/23/2020","Democratic","Female District Leader","84",1,"Absentee / Military",2
"AD","ED","County","EDAD Status","Event","Party/Independent Body","Office/Position Title","District Key","VoteFor","Unit Name","Tally","84","076","Bronx","IN-PLAY","Primary Election 2020 - 06/23/2020","Democratic","Female District Leader","84",1,"Federal",0
"AD","ED","County","EDAD Status","Event","Party/Independent Body","Office/Position Title","District Key","VoteFor","Unit Name","Tally","84","076","Bronx","IN-PLAY","Primary Election 2020 - 06/23/2020","Democratic","Female District Leader","84",1,"Affidavit",2
"AD","ED","County","EDAD Status","Event","Party/Independent Body","Office/Position Title","District Key","VoteFor","Unit Name","Tally","84","076","Bronx","IN-PLAY","Primary Election 2020 - 06/23/2020","Democratic","Female District Leader","84",1,"Yolanda Garcia",1
"AD","ED","County","EDAD Status","Event","Party/Independent Body","Office/Position Title","District Key","VoteFor","Unit Name","Tally","84","076","Bronx","IN-PLAY","Primary Election 2020 - 06/23/2020","Democratic","Female District Leader","84",1,"Adela Maria Lopez",3
"AD","ED","County","EDAD Status","Event","Party/Independent Body","Office/Position Title","District Key","VoteFor","Unit Name","Tally","84","077","Bronx","IN-PLAY","Primary Election 2020 - 06/23/2020","Democratic","Female District Leader","84",1,"Public Counter",89
"AD","ED","County","EDAD Status","Event","Party/Independent Body","Office/Position Title","District Key","VoteFor","Unit Name","Tally","84","077","Bronx","IN-PLAY","Primary Election 2020 - 06/23/2020","Democratic","Female District Leader","84",1,"Manually Counted Emergency",0
"AD","ED","County","EDAD Status","Event","Party/Independent Body","Office/Position Title","District Key","VoteFor","Unit Name","Tally","84","077","Bronx","IN-PLAY","Primary Election 2020 - 06/23/2020","Democratic","Female District Leader","84",1,"Absentee / Military",7
"AD","ED","County","EDAD Status","Event","Party/Independent Body","Office/Position Title","District Key","VoteFor","Unit Name","Tally","84","077","Bronx","IN-PLAY","Primary Election 2020 - 06/23/2020","Democratic","Female District Leader","84",1,"Federal",0
"AD","ED","County","EDAD Status","Event","Party/Independent Body","Office/Position Title","District Key","VoteFor","Unit Name","Tally","84","077","Bronx","IN-PLAY","Primary Election 2020 - 06/23/2020","Democratic","Female District Leader","84",1,"Affidavit",1
"AD","ED","County","EDAD Status","Event","Party/Independent Body","Office/Position Title","District Key","VoteFor","Unit Name","Tally","84","077","Bronx","IN-PLAY","Primary Election 2020 - 06/23/2020","Democratic","Female District Leader","84",1,"Yolanda Garcia",51
"AD","ED","County","EDAD Status","Event","Party/Independent Body","Office/Position Title","District Key","VoteFor","Unit Name","Tally","84","077","Bronx","IN-PLAY","Primary Election 2020 - 06/23/2020","Democratic","Female District Leader","84",1,"Adela Maria Lopez",36
"AD","ED","County","EDAD Status","Event","Party/Independent Body","Office/Position Title","District Key","VoteFor","Unit Name","Tally","84","078","Bronx","IN-PLAY","Primary Election 2020 - 06/23/2020","Democratic","Female District Leader","84",1,"Public Counter",115
"AD","ED","County","EDAD Status","Event","Party/Independent Body","Office/Position Title","District Key","VoteFor","Unit Name","Tally","84","078","Bronx","IN-PLAY","Primary Election 2020 - 06/23/2020","Democratic","Female District Leader","84",1,"Manually Counted Emergency",0
"AD","ED","County","EDAD Status","Event","Party/Independent Body","Office/Position Title","District Key","VoteFor","Unit Name","Tally","84","078","Bronx","IN-PLAY","Primary Election 2020 - 06/23/2020","Democratic","Female District Leader","84",1,"Absentee / Military",9
"AD","ED","County","EDAD Status","Event","Party/Independent Body","Office/Position Title","District Key","VoteFor","Unit Name","Tally","84","078","Bronx","IN-PLAY","Primary Election 2020 - 06/23/2020","Democratic","Female District Leader","84",1,"Federal",0
"AD","ED","County","EDAD Status","Event","Party/Independent Body","Office/Position Title","District Key","VoteFor","Unit Name","Tally","84","078","Bronx","IN-PLAY","Primary Election 2020 - 06/23/2020","Democratic","Female District Leader","84",1,"Affidavit",8
"AD","ED","County","EDAD Status","Event","Party/Independent Body","Office/Position Title","District Key","VoteFor","Unit Name","Tally","84","078","Bronx","IN-PLAY","Primary Election 2020 - 06/23/2020","Democratic","Female District Leader","84",1,"Yolanda Garcia",16
"AD","ED","County","EDAD Status","Event","Party/Independent Body","Office/Position Title","District Key","VoteFor","Unit Name","Tally","84","078","Bronx","IN-PLAY","Primary Election 2020 - 06/23/2020","Democratic","Female District Leader","84",1,"Adela Maria Lopez",8
"AD","ED","County","EDAD Status","Event","Party/Independent Body","Office/Position Title","District Key","VoteFor","Unit Name","Tally","84","079","Bronx","IN-PLAY","Primary Election 2020 - 06/23/2020","Democratic","Female District Leader","84",1,"Public Counter",3
"AD","ED","County","EDAD Status","Event","Party/Independent Body","Office/Position Title","District Key","VoteFor","Unit Name","Tally","84","079","Bronx","IN-PLAY","Primary Election 2020 - 06/23/2020","Democratic","Female District Leader","84",1,"Manually Counted Emergency",0
"AD","ED","County","EDAD Status","Event","Party/Independent Body","Office/Position Title","District Key","VoteFor","Unit Name","Tally","84","079","Bronx","IN-PLAY","Primary Election 2020 - 06/23/2020","Democratic","Female District Leader","84",1,"Absentee / Military",0
"AD","ED","County","EDAD Status","Event","Party/Independent Body","Office/Position Title","District Key","VoteFor","Unit Name","Tally","84","079","Bronx","IN-PLAY","Primary Election 2020 - 06/23/2020","Democratic","Female District Leader","84",1,"Federal",0
"AD","ED","County","EDAD Status","Event","Party/Independent Body","Office/Position Title","District Key","VoteFor","Unit Name","Tally","84","079","Bronx","IN-PLAY","Primary Election 2020 - 06/23/2020","Democratic","Female District Leader","84",1,"Affidavit",1
"AD","ED","County","EDAD Status","Event","Party/Independent Body","Office/Position Title","District Key","VoteFor","Unit Name","Tally","84","079","Bronx","IN-PLAY","Primary Election 2020 - 06/23/2020","Democratic","Female District Leader","84",1,"Yolanda Garcia",1
"AD","ED","County","EDAD Status","Event","Party/Independent Body","Office/Position Title","District Key","VoteFor","Unit Name","Tally","84","079","Bronx","IN-PLAY","Primary Election 2020 - 06/23/2020","Democratic","Female District Leader","84",1,"Adela Maria Lopez",2
"AD","ED","County","EDAD Status","Event","Party/Independent Body","Office/Position Title","District Key","VoteFor","Unit Name","Tally","84","080","Bronx","IN-PLAY","Primary Election 2020 - 06/23/2020","Democratic","Female District Leader","84",1,"Public Counter",184
"AD","ED","County","EDAD Status","Event","Party/Independent Body","Office/Position Title","District Key","VoteFor","Unit Name","Tally","84","080","Bronx","IN-PLAY","Primary Election 2020 - 06/23/2020","Democratic","Female District Leader","84",1,"Manually Counted Emergency",0
"AD","ED","County","EDAD Status","Event","Party/Independent Body","Office/Position Title","District Key","VoteFor","Unit Name","Tally","84","080","Bronx","IN-PLAY","Primary Election 2020 - 06/23/2020","Democratic","Female District Leader","84",1,"Absentee / Military",49
"AD","ED","County","EDAD Status","Event","Party/Independent Body","Office/Position Title","District Key","VoteFor","Unit Name","Tally","84","080","Bronx","IN-PLAY","Primary Election 2020 - 06/23/2020","Democratic","Female District Leader","84",1,"Federal",1
"AD","ED","County","EDAD Status","Event","Party/Independent Body","Office/Position Title","District Key","VoteFor","Unit Name","Tally","84","080","Bronx","IN-PLAY","Primary Election 2020 - 06/23/2020","Democratic","Female District Leader","84",1,"Affidavit",2
"AD","ED","County","EDAD Status","Event","Party/Independent Body","Office/Position Title","District Key","VoteFor","Unit Name","Tally","84","080","Bronx","IN-PLAY","Primary Election 2020 - 06/23/2020","Democratic","Female District Leader","84",1,"Yolanda Garcia",126
"AD","ED","County","EDAD Status","Event","Party/Independent Body","Office/Position Title","District Key","VoteFor","Unit Name","Tally","84","080","Bronx","IN-PLAY","Primary Election 2020 - 06/23/2020","Democratic","Female District Leader","84",1,"Adela Maria Lopez",56
"AD","ED","County","EDAD Status","Event","Party/Independent Body","Office/Position Title","District Key","VoteFor","Unit Name","Tally","84","081","Bronx","IN-PLAY","Primary Election 2020 - 06/23/2020","Democratic","Female District Leader","84",1,"Public Counter",0
"AD","ED","County","EDAD Status","Event","Party/Independent Body","Office/Position Title","District Key","VoteFor","Unit Name","Tally","84","081","Bronx","IN-PLAY","Primary Election 2020 - 06/23/2020","Democratic","Female District Leader","84",1,"Manually Counted Emergency",0
"AD","ED","County","EDAD Status","Event","Party/Independent Body","Office/Position Title","District Key","VoteFor","Unit Name","Tally","84","081","Bronx","IN-PLAY","Primary Election 2020 - 06/23/2020","Democratic","Female District Leader","84",1,"Absentee / Military",0
"AD","ED","County","EDAD Status","Event","Party/Independent Body","Office/Position Title","District Key","VoteFor","Unit Name","Tally","84","081","Bronx","IN-PLAY","Primary Election 2020 - 06/23/2020","Democratic","Female District Leader","84",1,"Federal",0
"AD","ED","County","EDAD Status","Event","Party/Independent Body","Office/Position Title","District Key","VoteFor","Unit Name","Tally","84","081","Bronx","IN-PLAY","Primary Election 2020 - 06/23/2020","Democratic","Female District Leader","84",1,"Affidavit",0
"AD","ED","County","EDAD Status","Event","Party/Independent Body","Office/Position Title","District Key","VoteFor","Unit Name","Tally","84","081","Bronx","IN-PLAY","Primary Election 2020 - 06/23/2020","Democratic","Female District Leader","84",1,"Yolanda Garcia",0
"AD","ED","County","EDAD Status","Event","Party/Independent Body","Office/Position Title","District Key","VoteFor","Unit Name","Tally","84","081","Bronx","IN-PLAY","Primary Election 2020 - 06/23/2020","Democratic","Female District Leader","84",1,"Adela Maria Lopez",0
"AD","ED","County","EDAD Status","Event","Party/Independent Body","Office/Position Title","District Key","VoteFor","Unit Name","Tally","84","082","Bronx","IN-PLAY","Primary Election 2020 - 06/23/2020","Democratic","Female District Leader","84",1,"Public Counter",145
"AD","ED","County","EDAD Status","Event","Party/Independent Body","Office/Position Title","District Key","VoteFor","Unit Name","Tally","84","082","Bronx","IN-PLAY","Primary Election 2020 - 06/23/2020","Democratic","Female District Leader","84",1,"Manually Counted Emergency",0
"AD","ED","County","EDAD Status","Event","Party/Independent Body","Office/Position Title","District Key","VoteFor","Unit Name","Tally","84","082","Bronx","IN-PLAY","Primary Election 2020 - 06/23/2020","Democratic","Female District Leader","84",1,"Absentee / Military",27
"AD","ED","County","EDAD Status","Event","Party/Independent Body","Office/Position Title","District Key","VoteFor","Unit Name","Tally","84","082","Bronx","IN-PLAY","Primary Election 2020 - 06/23/2020","Democratic","Female District Leader","84",1,"Federal",0
"AD","ED","County","EDAD Status","Event","Party/Independent Body","Office/Position Title","District Key","VoteFor","Unit Name","Tally","84","082","Bronx","IN-PLAY","Primary Election 2020 - 06/23/2020","Democratic","Female District Leader","84",1,"Affidavit",4
"AD","ED","County","EDAD Status","Event","Party/Independent Body","Office/Position Title","District Key","VoteFor","Unit Name","Tally","84","082","Bronx","IN-PLAY","Primary Election 2020 - 06/23/2020","Democratic","Female District Leader","84",1,"Yolanda Garcia",109
"AD","ED","County","EDAD Status","Event","Party/Independent Body","Office/Position Title","District Key","VoteFor","Unit Name","Tally","84","082","Bronx","IN-PLAY","Primary Election 2020 - 06/23/2020","Democratic","Female District Leader","84",1,"Adela Maria Lopez",39
"AD","ED","County","EDAD Status","Event","Party/Independent Body","Office/Position Title","District Key","VoteFor","Unit Name","Tally","84","083","Bronx","IN-PLAY","Primary Election 2020 - 06/23/2020","Democratic","Female District Leader","84",1,"Public Counter",116
"AD","ED","County","EDAD Status","Event","Party/Independent Body","Office/Position Title","District Key","VoteFor","Unit Name","Tally","84","083","Bronx","IN-PLAY","Primary Election 2020 - 06/23/2020","Democratic","Female District Leader","84",1,"Manually Counted Emergency",0
"AD","ED","County","EDAD Status","Event","Party/Independent Body","Office/Position Title","District Key","VoteFor","Unit Name","Tally","84","083","Bronx","IN-PLAY","Primary Election 2020 - 06/23/2020","Democratic","Female District Leader","84",1,"Absentee / Military",30
"AD","ED","County","EDAD Status","Event","Party/Independent Body","Office/Position Title","District Key","VoteFor","Unit Name","Tally","84","083","Bronx","IN-PLAY","Primary Election 2020 - 06/23/2020","Democratic","Female District Leader","84",1,"Federal",0
"AD","ED","County","EDAD Status","Event","Party/Independent Body","Office/Position Title","District Key","VoteFor","Unit Name","Tally","84","083","Bronx","IN-PLAY","Primary Election 2020 - 06/23/2020","Democratic","Female District Leader","84",1,"Affidavit",4
"AD","ED","County","EDAD Status","Event","Party/Independent Body","Office/Position Title","District Key","VoteFor","Unit Name","Tally","84","083","Bronx","IN-PLAY","Primary Election 2020 - 06/23/2020","Democratic","Female District Leader","84",1,"Yolanda Garcia",91
"AD","ED","County","EDAD Status","Event","Party/Independent Body","Office/Position Title","District Key","VoteFor","Unit Name","Tally","84","083","Bronx","IN-PLAY","Primary Election 2020 - 06/23/2020","Democratic","Female District Leader","84",1,"Adela Maria Lopez",39
"AD","ED","County","EDAD Status","Event","Party/Independent Body","Office/Position Title","District Key","VoteFor","Unit Name","Tally","84","083","Bronx","IN-PLAY","Primary Election 2020 - 06/23/2020","Democratic","Female District Leader","84",1,"Scattered",2
"AD","ED","County","EDAD Status","Event","Party/Independent Body","Office/Position Title","District Key","VoteFor","Unit Name","Tally","84","084","Bronx","IN-PLAY","Primary Election 2020 - 06/23/2020","Democratic","Female District Leader","84",1,"Public Counter",78
"AD","ED","County","EDAD Status","Event","Party/Independent Body","Office/Position Title","District Key","VoteFor","Unit Name","Tally","84","084","Bronx","IN-PLAY","Primary Election 2020 - 06/23/2020","Democratic","Female District Leader","84",1,"Manually Counted Emergency",0
"AD","ED","County","EDAD Status","Event","Party/Independent Body","Office/Position Title","District Key","VoteFor","Unit Name","Tally","84","084","Bronx","IN-PLAY","Primary Election 2020 - 06/23/2020","Democratic","Female District Leader","84",1,"Absentee / Military",16
"AD","ED","County","EDAD Status","Event","Party/Independent Body","Office/Position Title","District Key","VoteFor","Unit Name","Tally","84","084","Bronx","IN-PLAY","Primary Election 2020 - 06/23/2020","Democratic","Female District Leader","84",1,"Federal",0
"AD","ED","County","EDAD Status","Event","Party/Independent Body","Office/Position Title","District Key","VoteFor","Unit Name","Tally","84","084","Bronx","IN-PLAY","Primary Election 2020 - 06/23/2020","Democratic","Female District Leader","84",1,"Affidavit",0
"AD","ED","County","EDAD Status","Event","Party/Independent Body","Office/Position Title","District Key","VoteFor","Unit Name","Tally","84","084","Bronx","IN-PLAY","Primary Election 2020 - 06/23/2020","Democratic","Female District Leader","84",1,"Yolanda Garcia",30
"AD","ED","County","EDAD Status","Event","Party/Independent Body","Office/Position Title","District Key","VoteFor","Unit Name","Tally","84","084","Bronx","IN-PLAY","Primary Election 2020 - 06/23/2020","Democratic","Female District Leader","84",1,"Adela Maria Lopez",11
"AD","ED","County","EDAD Status","Event","Party/Independent Body","Office/Position Title","District Key","VoteFor","Unit Name","Tally","84","085","Bronx","IN-PLAY","Primary Election 2020 - 06/23/2020","Democratic","Female District Leader","84",1,"Public Counter",78
"AD","ED","County","EDAD Status","Event","Party/Independent Body","Office/Position Title","District Key","VoteFor","Unit Name","Tally","84","085","Bronx","IN-PLAY","Primary Election 2020 - 06/23/2020","Democratic","Female District Leader","84",1,"Manually Counted Emergency",0
"AD","ED","County","EDAD Status","Event","Party/Independent Body","Office/Position Title","District Key","VoteFor","Unit Name","Tally","84","085","Bronx","IN-PLAY","Primary Election 2020 - 06/23/2020","Democratic","Female District Leader","84",1,"Absentee / Military",12
"AD","ED","County","EDAD Status","Event","Party/Independent Body","Office/Position Title","District Key","VoteFor","Unit Name","Tally","84","085","Bronx","IN-PLAY","Primary Election 2020 - 06/23/2020","Democratic","Female District Leader","84",1,"Federal",0
"AD","ED","County","EDAD Status","Event","Party/Independent Body","Office/Position Title","District Key","VoteFor","Unit Name","Tally","84","085","Bronx","IN-PLAY","Primary Election 2020 - 06/23/2020","Democratic","Female District Leader","84",1,"Affidavit",1
"AD","ED","County","EDAD Status","Event","Party/Independent Body","Office/Position Title","District Key","VoteFor","Unit Name","Tally","84","085","Bronx","IN-PLAY","Primary Election 2020 - 06/23/2020","Democratic","Female District Leader","84",1,"Yolanda Garcia",58
"AD","ED","County","EDAD Status","Event","Party/Independent Body","Office/Position Title","District Key","VoteFor","Unit Name","Tally","84","085","Bronx","IN-PLAY","Primary Election 2020 - 06/23/2020","Democratic","Female District Leader","84",1,"Adela Maria Lopez",18
"AD","ED","County","EDAD Status","Event","Party/Independent Body","Office/Position Title","District Key","VoteFor","Unit Name","Tally","84","085","Bronx","IN-PLAY","Primary Election 2020 - 06/23/2020","Democratic","Female District Leader","84",1,"Scattered",1
